Energy(eV)           EEDF(eV^-(3/2))      First Anisotropy     Second Anisotropy    
2.44636178771959e-02 1.67122291564699e-01 1.34136041129247e-03 -6.28552572987254e-04
7.33908536315877e-02 1.77168262122234e-01 1.64093019897198e-03 -1.38463648897811e-03
1.22318089385979e-01 1.78759860489160e-01 1.81678214693026e-03 -2.64244534943763e-03
1.71245325140371e-01 1.79720122812511e-01 3.86972525487324e-03 -3.45480424169064e-03
2.20172560894763e-01 1.80113456314222e-01 4.91251939184153e-03 -3.64216477369065e-03
2.69099796649155e-01 1.81651031546060e-01 6.83773413542223e-03 -5.92590530808252e-03
3.18027032403547e-01 1.80797398962821e-01 9.74118070976773e-03 -3.91440527331501e-03
3.66954268157938e-01 1.81014002125933e-01 1.09177274371875e-02 -5.09077347061617e-03
4.15881503912330e-01 1.80385093909551e-01 1.46736649291592e-02 -4.58942812519652e-03
4.64808739666722e-01 1.78459901845840e-01 1.41276013845604e-02 -7.85226566087353e-04
5.13735975421114e-01 1.78343861289002e-01 1.64880802181879e-02 -2.94515444287041e-03
5.62663211175506e-01 1.75758669842450e-01 1.78917184688899e-02 1.34006033310449e-03
6.11590446929897e-01 1.75513754621321e-01 1.73509254141917e-02 6.58459171639494e-05
6.60517682684289e-01 1.73852695291806e-01 1.94212326116455e-02 1.72535924602177e-03
7.09444918438681e-01 1.71997623237893e-01 1.79660871826315e-02 2.92410325183563e-03
7.58372154193073e-01 1.71304164993453e-01 1.88966697171079e-02 1.27540519725307e-03
8.07299389947465e-01 1.69468262838238e-01 1.84957280165358e-02 3.31894738346434e-03
8.56226625701856e-01 1.69014277600652e-01 1.83795657560466e-02 1.78049755704526e-03
9.05153861456248e-01 1.67384812285491e-01 1.85142085479393e-02 2.33602867014985e-03
9.54081097210640e-01 1.66459856189871e-01 1.81883736063473e-02 1.82313192434363e-03
1.00300833296503e+00 1.65344256305661e-01 1.90909955751963e-02 1.36146289163905e-03
1.05193556871942e+00 1.63726540420349e-01 1.92719358477744e-02 1.49968792014750e-03
1.10086280447382e+00 1.62644140138231e-01 1.93576941465907e-02 4.12100015964800e-04
1.14979004022821e+00 1.60982636082652e-01 1.96540944084812e-02 7.83323108490974e-04
1.19871727598260e+00 1.59492172691464e-01 2.02013744400287e-02 6.25782815442996e-04
1.24764451173699e+00 1.57820728027885e-01 2.01779261702164e-02 7.13234628956112e-04
1.29657174749138e+00 1.56373185249352e-01 2.03711927055760e-02 3.71908100311343e-04
1.34549898324577e+00 1.54540155791279e-01 2.10137794099651e-02 3.85669732846786e-04
1.39442621900017e+00 1.52985750222229e-01 2.16465568587408e-02 6.11039656557970e-04
1.44335345475456e+00 1.51512660214909e-01 2.16424292823994e-02 6.59212780786250e-05
1.49228069050895e+00 1.49774176520446e-01 2.19587060022908e-02 3.54284577951509e-04
1.54120792626334e+00 1.47868698848097e-01 2.23362543460223e-02 -7.43421606591336e-05
1.59013516201773e+00 1.46177903132454e-01 2.25759163599716e-02 8.03075699594462e-04
1.63906239777213e+00 1.44422320477159e-01 2.27933193572487e-02 8.19788339240085e-04
1.68798963352652e+00 1.42661472998652e-01 2.31740437358731e-02 1.18865808505342e-03
1.73691686928091e+00 1.40981475394003e-01 2.35500121503125e-02 8.72773735137766e-04
1.78584410503530e+00 1.39277294433921e-01 2.37470895155385e-02 1.41104622986262e-03
1.83477134078969e+00 1.37529738951809e-01 2.38462450577484e-02 1.49253788145125e-03
1.88369857654408e+00 1.35720519583518e-01 2.37736575342627e-02 1.62988486672580e-03
1.93262581229848e+00 1.34252150718961e-01 2.41978560347699e-02 1.59769136652327e-03
1.98155304805287e+00 1.32554640180617e-01 2.44113092468604e-02 1.70470085526152e-03
2.03048028380726e+00 1.30657682689585e-01 2.43092774068531e-02 1.65869541824013e-03
2.07940751956165e+00 1.29221657576507e-01 2.46430419492735e-02 1.95015358168901e-03
2.12833475531604e+00 1.27272291003518e-01 2.43836626665616e-02 2.27524443753175e-03
2.17726199107043e+00 1.25451089436057e-01 2.47754599663468e-02 2.21336536766032e-03
2.22618922682483e+00 1.23996946580806e-01 2.45224761447691e-02 1.87090776507296e-03
2.27511646257922e+00 1.22421294887377e-01 2.48771021267101e-02 2.27569732917848e-03
2.32404369833361e+00 1.20777741220171e-01 2.47259461600701e-02 2.54339419581121e-03
2.37297093408800e+00 1.19200032315417e-01 2.48235235355732e-02 2.38851136151481e-03
2.42189816984239e+00 1.17534679391223e-01 2.47499170947491e-02 2.58445373933426e-03
2.47082540559679e+00 1.15922746406850e-01 2.49224924052502e-02 2.80950764314311e-03
2.51975264135118e+00 1.14150578139110e-01 2.48606334454804e-02 2.62457845058643e-03
2.56867987710557e+00 1.12667751826183e-01 2.46514543468612e-02 2.99184104379043e-03
2.61760711285996e+00 1.11161127947073e-01 2.47156337158395e-02 2.99046051301532e-03
2.66653434861435e+00 1.09661695569197e-01 2.47404722801201e-02 3.28879641766604e-03
2.71546158436874e+00 1.08228278173327e-01 2.44638077869056e-02 3.36392176073577e-03
2.76438882012314e+00 1.06780772276154e-01 2.46411871267530e-02 3.06010460708869e-03
2.81331605587753e+00 1.05156991896913e-01 2.44986961921755e-02 3.46732194070397e-03
2.86224329163192e+00 1.03765050968062e-01 2.42627570662110e-02 3.28421189804012e-03
2.91117052738631e+00 1.02407734778698e-01 2.41955071331339e-02 3.33708300952934e-03
2.96009776314070e+00 1.01135218084086e-01 2.39189580524314e-02 3.26529538639485e-03
3.00902499889510e+00 9.95774234302943e-02 2.39095137653383e-02 3.38414535980162e-03
3.05795223464949e+00 9.81519212975528e-02 2.37304706837194e-02 3.24042689845396e-03
3.10687947040388e+00 9.68177430181142e-02 2.34530329668287e-02 3.31786839318856e-03
3.15580670615827e+00 9.53607964476260e-02 2.32859360986672e-02 3.31000987616969e-03
3.20473394191266e+00 9.40140820397041e-02 2.32203491955868e-02 3.54436458569005e-03
3.25366117766705e+00 9.28515462469187e-02 2.33779903571168e-02 3.32499282218127e-03
3.30258841342145e+00 9.13628037917221e-02 2.30577334946827e-02 3.69008175367426e-03
3.35151564917584e+00 9.01388128761801e-02 2.29326780418788e-02 3.99101643589995e-03
3.40044288493023e+00 8.89427981771713e-02 2.26896287629584e-02 3.61061048239497e-03
3.44937012068462e+00 8.77715593484618e-02 2.25005449110663e-02 3.59950487671020e-03
3.49829735643901e+00 8.64918887022239e-02 2.25172608002944e-02 3.60172296863785e-03
3.54722459219340e+00 8.52133926175041e-02 2.23073599250694e-02 3.66658623775785e-03
3.59615182794780e+00 8.40494880170231e-02 2.21150679983204e-02 3.67783756835963e-03
3.64507906370219e+00 8.27076224799303e-02 2.19582340027854e-02 3.63680842361039e-03
3.69400629945658e+00 8.15548781545665e-02 2.16961044831561e-02 3.57092479908291e-03
3.74293353521097e+00 8.03420429647073e-02 2.15419037362348e-02 3.42146590488134e-03
3.79186077096536e+00 7.91418618914514e-02 2.14456249982493e-02 3.54397148807909e-03
3.84078800671976e+00 7.79679550209938e-02 2.13470643993958e-02 3.70424356262011e-03
3.88971524247415e+00 7.67121824249575e-02 2.08505223031178e-02 3.48638975393863e-03
3.93864247822854e+00 7.57841243259627e-02 2.09723388274011e-02 3.43584648411806e-03
3.98756971398293e+00 7.45633645624685e-02 2.06803174383668e-02 3.25704809688420e-03
4.03649694973732e+00 7.34410919899074e-02 2.06190458239713e-02 3.27594905694405e-03
4.08542418549171e+00 7.22704732703460e-02 2.03266141374945e-02 3.27564748769175e-03
4.13435142124611e+00 7.12299231685469e-02 2.03623117949773e-02 3.15472338003728e-03
4.18327865700050e+00 7.01325765611012e-02 2.01399675524103e-02 3.18793018849556e-03
4.23220589275489e+00 6.89792382099653e-02 1.99329590023264e-02 3.03824669722410e-03
4.28113312850928e+00 6.78426341143088e-02 1.99553762923627e-02 3.06837874632432e-03
4.33006036426367e+00 6.67063501464723e-02 1.97043112574210e-02 3.23381910136117e-03
4.37898760001806e+00 6.57201313787022e-02 1.95675365597296e-02 3.03700262126412e-03
4.42791483577246e+00 6.45729790094827e-02 1.92709692429475e-02 3.08357159349030e-03
4.47684207152685e+00 6.35377341750139e-02 1.92292809073808e-02 3.01990350446928e-03
4.52576930728124e+00 6.25219384243577e-02 1.91363146501583e-02 3.04148601349016e-03
4.57469654303563e+00 6.14569587805124e-02 1.88390763559256e-02 2.88776685011808e-03
4.62362377879002e+00 6.04826850568724e-02 1.89487914472366e-02 3.01862442039275e-03
4.67255101454442e+00 5.94220768218715e-02 1.87216324076306e-02 3.02271639050318e-03
4.72147825029881e+00 5.83351006525276e-02 1.86049428333681e-02 2.90564359384155e-03
4.77040548605320e+00 5.73313238584848e-02 1.85078345945261e-02 3.09722214309389e-03
4.81933272180759e+00 5.63281485595904e-02 1.81489264306956e-02 3.02814486886602e-03
4.86825995756198e+00 5.52525922202701e-02 1.82138529048423e-02 2.94518162737158e-03
4.91718719331637e+00 5.42465425871019e-02 1.79945666002551e-02 2.86240840504910e-03
4.96611442907077e+00 5.32444833185734e-02 1.78583920931071e-02 2.94414384356164e-03
5.01504166482516e+00 5.22619614118776e-02 1.75456812979510e-02 2.90394834370584e-03
5.06396890057955e+00 5.12442575729514e-02 1.73467486798677e-02 2.74104606588631e-03
5.11289613633394e+00 5.03368104193925e-02 1.72882780183606e-02 2.76128597644406e-03
5.16182337208833e+00 4.93053483039718e-02 1.71199853420121e-02 2.86743409465191e-03
5.21075060784273e+00 4.82712288762745e-02 1.69343799245921e-02 2.86353219838580e-03
5.25967784359712e+00 4.73789019100595e-02 1.67633577641249e-02 2.88745017427213e-03
5.30860507935151e+00 4.64636558597795e-02 1.65936787027974e-02 2.82872566788467e-03
5.35753231510590e+00 4.55576417962041e-02 1.64631803552181e-02 2.74225351853029e-03
5.40645955086029e+00 4.46268791602753e-02 1.63264780825207e-02 2.77379534386696e-03
5.45538678661468e+00 4.36014804625006e-02 1.59638789168830e-02 2.71230448036293e-03
5.50431402236908e+00 4.27439114910208e-02 1.58825021422020e-02 2.95741086431175e-03
5.55324125812347e+00 4.18387999023795e-02 1.56879497168542e-02 2.67090121304037e-03
5.60216849387786e+00 4.09117805556843e-02 1.56059599948109e-02 2.64973252850820e-03
5.65109572963225e+00 4.00240074441555e-02 1.54469595713581e-02 2.97450236538197e-03
5.70002296538664e+00 3.90907857307706e-02 1.52392741766248e-02 2.74304951876361e-03
5.74895020114104e+00 3.82246787352191e-02 1.49245126173354e-02 2.81369989124823e-03
5.79787743689543e+00 3.72589389526764e-02 1.48800217819277e-02 2.92919962661401e-03
5.84680467264982e+00 3.64386583508757e-02 1.47044981848009e-02 2.92287134278492e-03
5.89573190840421e+00 3.55803930859885e-02 1.44853793541853e-02 2.88655808697180e-03
5.94465914415860e+00 3.47125062299166e-02 1.42235914080633e-02 2.80721523687168e-03
5.99358637991299e+00 3.38665672869833e-02 1.40322981373658e-02 2.69581146080191e-03
6.04251361566739e+00 3.30127963135823e-02 1.38890751306425e-02 2.94195921780584e-03
6.09144085142178e+00 3.21761664925206e-02 1.37238141114942e-02 2.84264969227276e-03
6.14036808717617e+00 3.13999210216530e-02 1.34548237475596e-02 2.74529973186535e-03
6.18929532293056e+00 3.04855725915408e-02 1.33257639469411e-02 2.74274605036167e-03
6.23822255868495e+00 2.97170884911357e-02 1.31198450981261e-02 2.82123009704551e-03
6.28714979443934e+00 2.89305275231341e-02 1.30069169126830e-02 2.72229578957396e-03
6.33607703019374e+00 2.81325823169003e-02 1.27028869940758e-02 2.90461813552155e-03
6.38500426594813e+00 2.72399484176989e-02 1.24682414743421e-02 2.87122736072865e-03
6.43393150170252e+00 2.65097503157933e-02 1.22337758010152e-02 2.87412887334725e-03
6.48285873745691e+00 2.57570217941852e-02 1.20338077164961e-02 2.82682221781714e-03
6.53178597321130e+00 2.50183957300581e-02 1.18424700160975e-02 2.91977045054237e-03
6.58071320896570e+00 2.43024165894055e-02 1.16161544658829e-02 2.77837538935804e-03
6.62964044472009e+00 2.35713042158425e-02 1.13497380912034e-02 2.71172855621235e-03
6.67856768047448e+00 2.28447275366123e-02 1.10658424649288e-02 2.85400328738628e-03
6.72749491622887e+00 2.20945505517286e-02 1.07846808246710e-02 2.87419957770111e-03
6.77642215198326e+00 2.14609929548224e-02 1.06773101241438e-02 2.86607620929752e-03
6.82534938773765e+00 2.07460309831187e-02 1.03373643017991e-02 2.74539491054596e-03
6.87427662349205e+00 2.01085249589084e-02 1.00900090049304e-02 2.82991784887180e-03
6.92320385924644e+00 1.94780985897149e-02 9.91276186168401e-03 2.66919458906307e-03
6.97213109500083e+00 1.88478904409042e-02 9.62758586146941e-03 2.77627750845975e-03
7.02105833075522e+00 1.82050933813322e-02 9.35348864138067e-03 2.67223942604076e-03
7.06998556650961e+00 1.75947047970041e-02 9.10375558685682e-03 2.69052013873425e-03
7.11891280226401e+00 1.70608976632812e-02 8.85586879681648e-03 2.60883804939673e-03
7.16784003801840e+00 1.64785762236538e-02 8.60837939209194e-03 2.58419038788016e-03
7.21676727377279e+00 1.59204936345512e-02 8.43119160932143e-03 2.58922806253071e-03
7.26569450952718e+00 1.53567847365906e-02 8.11993234561598e-03 2.54311241728085e-03
7.31462174528157e+00 1.48828838419837e-02 7.94939464575450e-03 2.43262983440621e-03
7.36354898103596e+00 1.43215706828342e-02 7.62874008245455e-03 2.46523256850194e-03
7.41247621679036e+00 1.38675826283809e-02 7.44739080472490e-03 2.28601816761689e-03
7.46140345254475e+00 1.33681447955969e-02 7.24500231546985e-03 2.31313621084918e-03
7.51033068829914e+00 1.29102259584632e-02 7.00802246865980e-03 2.24205154465290e-03
7.55925792405353e+00 1.24936033152665e-02 6.83480257517078e-03 2.15487298724904e-03
7.60818515980792e+00 1.20474910417270e-02 6.66136071388452e-03 2.13139759925651e-03
7.65711239556232e+00 1.16161069883805e-02 6.42123479751574e-03 2.03479295297209e-03
7.70603963131671e+00 1.12086466846977e-02 6.26265876739397e-03 2.03585968310372e-03
7.75496686707110e+00 1.07670574280174e-02 6.07028169155007e-03 1.86268669617608e-03
7.80389410282549e+00 1.03645937598989e-02 5.84080076727106e-03 1.85977602742386e-03
7.85282133857988e+00 9.98096349004183e-03 5.63968005193867e-03 1.78648743470181e-03
7.90174857433427e+00 9.63706505180916e-03 5.54506334083766e-03 1.76704900594311e-03
7.95067581008867e+00 9.26527517047725e-03 5.38632934317730e-03 1.76861388253121e-03
7.99960304584306e+00 8.91517259436419e-03 5.21422478208859e-03 1.67181351203593e-03
8.04853028159745e+00 8.55465599354510e-03 5.06497881935762e-03 1.63101656203723e-03
8.09745751735184e+00 8.23629124335798e-03 4.90603061535633e-03 1.56070148465678e-03
8.14638475310623e+00 7.89838820076662e-03 4.73652079732920e-03 1.53906417127819e-03
8.19531198886063e+00 7.56998107114874e-03 4.60987450816986e-03 1.44994858968051e-03
8.24423922461502e+00 7.26350408947705e-03 4.48692595252221e-03 1.45262472112785e-03
8.29316646036941e+00 6.96190896140897e-03 4.34429932763744e-03 1.40323850923756e-03
8.34209369612380e+00 6.64391423320153e-03 4.22085944505827e-03 1.37220615815634e-03
8.39102093187819e+00 6.40942658061040e-03 4.14426578221891e-03 1.28746199775840e-03
8.43994816763258e+00 6.08883515525817e-03 4.00735754479907e-03 1.32215460030194e-03
8.48887540338698e+00 5.82287864118726e-03 3.88536775580380e-03 1.28408041393116e-03
8.53780263914137e+00 5.53518201746771e-03 3.74908867264558e-03 1.20137708607859e-03
8.58672987489576e+00 5.27558704888859e-03 3.67885008018821e-03 1.22239237513605e-03
8.63565711065015e+00 4.99263296047699e-03 3.50881581390031e-03 1.22023364608204e-03
8.68458434640454e+00 4.74853895172295e-03 3.37873772552664e-03 1.16087133829479e-03
8.73351158215893e+00 4.50970387647891e-03 3.27772527794503e-03 1.15261906992819e-03
8.78243881791333e+00 4.26221482408812e-03 3.14045108524502e-03 1.17256041215157e-03
8.83136605366772e+00 4.04694626707425e-03 3.06294238530489e-03 1.15036894993837e-03
8.88029328942211e+00 3.81508791705096e-03 2.90618161312361e-03 1.07550492360697e-03
8.92922052517650e+00 3.58619680086584e-03 2.76354232926765e-03 1.07345178835764e-03
8.97814776093089e+00 3.38711929698821e-03 2.66304739870246e-03 1.07461123274008e-03
9.02707499668529e+00 3.19874082849681e-03 2.56625174684572e-03 1.09494294048738e-03
9.07600223243968e+00 3.01425353976660e-03 2.43135643671708e-03 1.05052631573078e-03
9.12492946819407e+00 2.83019355648062e-03 2.30217313808674e-03 1.01064217206837e-03
9.17385670394846e+00 2.66396365348437e-03 2.18696412457384e-03 9.96998980740482e-04
9.22278393970285e+00 2.51505872180788e-03 2.08795998724805e-03 9.81665907318205e-04
9.27171117545724e+00 2.36892829941330e-03 1.96097161143251e-03 9.38318774586808e-04
9.32063841121164e+00 2.23143873140989e-03 1.87962248495242e-03 9.27506729753043e-04
9.36956564696603e+00 2.10042686116005e-03 1.76300439702321e-03 8.92650967282165e-04
9.41849288272042e+00 1.98107840205935e-03 1.68340115910297e-03 8.60144069159576e-04
9.46742011847481e+00 1.87409719052144e-03 1.57001685041690e-03 8.02950982731286e-04
9.51634735422920e+00 1.76282110152067e-03 1.46995135989150e-03 7.59585075963695e-04
9.56527458998359e+00 1.65849364960132e-03 1.40807954674368e-03 7.41731374975689e-04
9.61420182573799e+00 1.55604964719805e-03 1.30076012149096e-03 6.96718400531528e-04
9.66312906149238e+00 1.47478165280886e-03 1.23455984368188e-03 6.40946760350912e-04
9.71205629724677e+00 1.39552944909281e-03 1.15491965690746e-03 6.13459083990557e-04
9.76098353300116e+00 1.31897406649934e-03 1.12377270843875e-03 6.25255901060098e-04
9.80991076875555e+00 1.23417396843161e-03 1.02846670567067e-03 5.50018394218295e-04
9.85883800450995e+00 1.18419553983403e-03 9.90671407964839e-04 5.49977795211339e-04
9.90776524026434e+00 1.10590059510959e-03 9.19739687580988e-04 5.00322974578068e-04
9.95669247601873e+00 1.04639411820973e-03 8.72316093753088e-04 4.70664611076749e-04
1.00056197117731e+01 9.80314780957202e-04 8.15694957204847e-04 4.59909874190390e-04
1.00545469475275e+01 9.26531489465494e-04 7.67483148129281e-04 4.41610794552844e-04
1.01034741832819e+01 8.94620423580260e-04 7.40845508335558e-04 4.01719293583152e-04
1.01524014190363e+01 8.27395210039567e-04 6.82686685130199e-04 3.94741199227995e-04
1.02013286547907e+01 7.82981016221415e-04 6.46236429958996e-04 3.58164902605322e-04
1.02502558905451e+01 7.39166866907099e-04 6.17952012804200e-04 3.58380123739429e-04
1.02991831262995e+01 6.96945479819557e-04 5.70343801697021e-04 3.27615772298726e-04
1.03481103620539e+01 6.56601284425453e-04 5.42705677844295e-04 3.03665831220384e-04
1.03970375978083e+01 6.23043435351484e-04 5.14105599648325e-04 2.77874646470585e-04
1.04459648335626e+01 5.86737552749628e-04 4.82796849828817e-04 2.67686012692170e-04
1.04948920693170e+01 5.51635039146236e-04 4.44203536928489e-04 2.37316590505825e-04
1.05438193050714e+01 5.21839335064876e-04 4.30092883902286e-04 2.44278320032967e-04
1.05927465408258e+01 5.00097175014931e-04 4.14512524775582e-04 2.24917165863452e-04
1.06416737765802e+01 4.66469795664711e-04 3.75813630809470e-04 2.09973123663456e-04
1.06906010123346e+01 4.43188571253049e-04 3.69609141496385e-04 2.21081000372132e-04
1.07395282480890e+01 4.15068001652015e-04 3.38916276835024e-04 1.92697393547723e-04
1.07884554838434e+01 3.97013101155130e-04 3.29421309544675e-04 1.77123848098110e-04
1.08373827195978e+01 3.72853916875806e-04 3.02662345801429e-04 1.72606859792496e-04
1.08863099553522e+01 3.49796613178760e-04 2.86219530047216e-04 1.65490470925230e-04
1.09352371911066e+01 3.34014279043906e-04 2.62810642948684e-04 1.53809496124734e-04
1.09841644268610e+01 3.08046143752266e-04 2.45330539062090e-04 1.40158035204098e-04
1.10330916626153e+01 2.96860552142174e-04 2.33877216065280e-04 1.29878573462709e-04
1.10820188983697e+01 2.79974963103830e-04 2.33862595496484e-04 1.31351481900527e-04
1.11309461341241e+01 2.67371842747592e-04 2.20346826934387e-04 1.16374794288248e-04
1.11798733698785e+01 2.53439703688413e-04 2.02543925277663e-04 1.08392359060692e-04
1.12288006056329e+01 2.30013668207386e-04 1.80720842478106e-04 1.02535042867408e-04
1.12777278413873e+01 2.26085568028982e-04 1.77573740115226e-04 9.85135808199797e-05
1.13266550771417e+01 2.07215377525160e-04 1.76052905510004e-04 9.80133594202271e-05
1.13755823128961e+01 1.93820943051266e-04 1.56396835875304e-04 8.61470158221945e-05
1.14245095486505e+01 1.88688748798418e-04 1.53437151188803e-04 8.39889480028360e-05
1.14734367844049e+01 1.75513685989284e-04 1.41846275015607e-04 7.65162835905200e-05
1.15223640201593e+01 1.66409709052784e-04 1.27383812286646e-04 7.51658264793793e-05
1.15712912559137e+01 1.58126174274119e-04 1.27001255041001e-04 7.16532285160367e-05
1.16202184916680e+01 1.48199435795174e-04 1.16701209655663e-04 6.32096076374530e-05
1.16691457274224e+01 1.40050232879257e-04 1.11139492980018e-04 6.48587347499991e-05
1.17180729631768e+01 1.31000309271270e-04 1.07081109684182e-04 5.80789930862610e-05
1.17670001989312e+01 1.26576644935766e-04 1.05326942689293e-04 6.01983468380115e-05
1.18159274346856e+01 1.17375387051361e-04 9.34008399089555e-05 5.44527848040129e-05
1.18648546704400e+01 1.09913674570378e-04 8.26328513225932e-05 3.89059794171238e-05
1.19137819061944e+01 1.07694142040711e-04 8.23268026739517e-05 4.41536507808966e-05
1.19627091419488e+01 1.01091448132917e-04 7.83431145472156e-05 4.72541455428787e-05
1.20116363777032e+01 9.35135631109807e-05 7.55967811705540e-05 4.29808347999889e-05
1.20605636134576e+01 8.72420515081269e-05 6.95484139423119e-05 4.20752111715173e-05
1.21094908492120e+01 8.27583547190043e-05 6.49532676717943e-05 3.74158803393643e-05
1.21584180849664e+01 7.80586055993155e-05 6.13546501733193e-05 3.20901370003192e-05
1.22073453207208e+01 7.45480392012370e-05 5.84048689859254e-05 3.49115117038291e-05
1.22562725564751e+01 7.08961265678294e-05 5.52312547260758e-05 3.02269518075208e-05
1.23051997922295e+01 6.55693147734997e-05 5.08807006215737e-05 2.78478473433887e-05
1.23541270279839e+01 6.31714537188278e-05 4.81339727841877e-05 2.71185029445927e-05
1.24030542637383e+01 5.95452105891961e-05 4.80749226546457e-05 2.22458817455602e-05
1.24519814994927e+01 5.83468975589941e-05 4.45421219949038e-05 2.36762906129843e-05
1.25009087352471e+01 5.25866233705144e-05 4.24119114349706e-05 2.54354887784836e-05
1.25498359710015e+01 5.03300358554277e-05 4.08429106404936e-05 1.67576325687336e-05
1.25987632067559e+01 4.79672522726246e-05 3.57284049760776e-05 1.75247463630122e-05
1.26476904425103e+01 4.62651594471097e-05 3.40638012475800e-05 1.59645835106319e-05
1.26966176782647e+01 4.09942836518205e-05 3.35128268853633e-05 1.80466626314992e-05
1.27455449140191e+01 3.87399785547128e-05 3.08057256069751e-05 1.78909617808306e-05
1.27944721497735e+01 3.68753973079191e-05 3.20724529974001e-05 1.83284438611092e-05
1.28433993855278e+01 3.44667514307388e-05 2.40917459559393e-05 1.29005457546226e-05
1.28923266212822e+01 3.33386994267566e-05 2.46129542256250e-05 1.15965354855774e-05
1.29412538570366e+01 3.05484184621955e-05 2.45641101759683e-05 1.46495101715965e-05
1.29901810927910e+01 2.86572254574283e-05 2.16108749551124e-05 1.30381302303450e-05
1.30391083285454e+01 2.74147449287717e-05 2.11525605916352e-05 1.00180421277463e-05
1.30880355642998e+01 2.61958466063540e-05 2.13321950286710e-05 9.72204892013716e-06
1.31369628000542e+01 2.50003850615427e-05 1.92454092040675e-05 1.30962543430281e-05
1.31858900358086e+01 2.23835136450651e-05 1.94562078622461e-05 1.12125267719081e-05
1.32348172715630e+01 2.21922797058124e-05 1.66335350119059e-05 9.75140006870717e-06
1.32837445073174e+01 2.08428523636687e-05 1.60847002195895e-05 1.01676667909493e-05
1.33326717430718e+01 1.91066217130489e-05 1.62980975917129e-05 1.11578192689742e-05
1.33815989788262e+01 1.83452978409000e-05 1.49172414748127e-05 8.87009119108412e-06
1.34305262145805e+01 1.85349400552064e-05 1.36005932252637e-05 8.00283683075725e-06
1.34794534503349e+01 1.59960836329466e-05 1.20471664669477e-05 5.89490940063065e-06
1.35283806860893e+01 1.57078044611985e-05 1.10584425275183e-05 5.31234983141041e-06
1.35773079218437e+01 1.49583685646605e-05 1.19870337953886e-05 5.81736315564794e-06
1.36262351575981e+01 1.36948887113026e-05 1.15945135962807e-05 9.07631517850078e-06
1.36751623933525e+01 1.30071155037656e-05 1.03754775737969e-05 7.06124243502583e-06
1.37240896291069e+01 1.23770126069144e-05 9.25462152162176e-06 4.49587166853508e-06
1.37730168648613e+01 1.10882993209115e-05 7.71260978592940e-06 4.86805713166350e-06
1.38219441006157e+01 1.12885636990893e-05 9.21630593432791e-06 5.23437504301669e-06
1.38708713363701e+01 1.06832530966274e-05 8.66660614222295e-06 4.86395342355492e-06
1.39197985721245e+01 1.08653327785768e-05 8.70066631206844e-06 5.70762322230865e-06
1.39687258078789e+01 8.74994620476577e-06 6.94964477313521e-06 4.30978600315738e-06
1.40176530436332e+01 8.71646523084285e-06 7.06088275338548e-06 3.28468800938056e-06
1.40665802793876e+01 8.06549910753446e-06 6.62460859129655e-06 3.89258425846603e-06
1.41155075151420e+01 7.76136418342404e-06 5.57294962815392e-06 3.26898504349880e-06
1.41644347508964e+01 7.38589417737937e-06 6.01515911093043e-06 2.24618075865008e-06
1.42133619866508e+01 7.21052736169187e-06 5.67408867424565e-06 2.41943010955055e-06
1.42622892224052e+01 6.53065126031117e-06 5.36667993623582e-06 3.74776396165625e-06
1.43112164581596e+01 5.76307464846823e-06 4.62918971138210e-06 2.84868779873785e-06
1.43601436939140e+01 5.26781809105082e-06 3.70760903323038e-06 2.26568316729056e-06
1.44090709296684e+01 4.73836464498594e-06 4.79867110410394e-06 2.55527082491424e-06
1.44579981654228e+01 4.73034031298741e-06 4.10679545354816e-06 2.12736304803170e-06
1.45069254011772e+01 4.79390746830219e-06 4.23080221792103e-06 2.23703756711146e-06
1.45558526369316e+01 3.57152514849241e-06 2.72150216315122e-06 1.64304442931245e-06
1.46047798726859e+01 4.11819601516368e-06 3.17154576232736e-06 2.16515492573859e-06
1.46537071084403e+01 3.63077181916893e-06 2.99859037300775e-06 2.39396007770968e-06
1.47026343441947e+01 3.09167768962641e-06 1.72707512317062e-06 1.60671291242620e-06
1.47515615799491e+01 3.37036661758064e-06 2.24572849360900e-06 1.17505171306198e-06
1.48004888157035e+01 3.34708172491414e-06 2.69785412684349e-06 1.27853209063585e-06
1.48494160514579e+01 2.38683074097141e-06 1.99326887212679e-06 1.39958450582250e-06
1.48983432872123e+01 2.96539694029132e-06 2.59048604141163e-06 1.59241815693644e-06
1.49472705229667e+01 2.36138278574995e-06 1.88417199591332e-06 1.60563456075239e-06
1.49961977587211e+01 2.55105583828358e-06 1.34590187330134e-06 1.20971067851407e-06
1.50451249944755e+01 2.38882068059981e-06 2.29748341928276e-06 7.59785495294304e-07
1.50940522302299e+01 2.66552773430615e-06 2.12540764077569e-06 1.24606407032143e-06
1.51429794659843e+01 1.80332540039184e-06 1.46962266125137e-06 8.12949595304798e-07
1.51919067017387e+01 1.90529793849972e-06 1.89306208017908e-06 9.96960256168178e-07
1.52408339374930e+01 1.91968893453022e-06 1.73819107162918e-06 5.09485443224321e-07
1.52897611732474e+01 2.17797155806106e-06 2.25289377965836e-06 1.32174995538363e-06
1.53386884090018e+01 1.53084458189610e-06 1.16483355913367e-06 3.62949333598640e-07
1.53876156447562e+01 1.54577715160818e-06 1.87056403627193e-06 8.60059986185232e-07
1.54365428805106e+01 1.47396253832752e-06 1.39315470975568e-06 9.54954317478783e-08
1.54854701162650e+01 1.28118564632166e-06 1.16761027010720e-06 6.20336239293311e-07
1.55343973520194e+01 9.50731813476676e-07 1.21451667663402e-06 6.42919424338873e-07
1.55833245877738e+01 9.83755875512541e-07 3.42761257678580e-07 7.09391539494596e-07
1.56322518235282e+01 9.64983300278574e-07 8.37467649884620e-07 5.10200456333001e-07
1.56811790592826e+01 1.01509151266974e-06 9.98230670594882e-07 6.33640768137521e-07
1.57301062950370e+01 1.23682771860168e-06 8.20429053339114e-07 -1.20384564610563e-07
1.57790335307914e+01 8.23272444970475e-07 5.90697979266316e-07 2.58095911498244e-07
1.58279607665457e+01 8.90498932142712e-07 8.56933972392718e-07 -6.95274166249881e-08
1.58768880023001e+01 9.06224336508203e-07 9.85903683831377e-07 3.41338800560628e-07
1.59258152380545e+01 8.02397493458858e-07 8.30737490036341e-07 6.06014975006576e-07
1.59747424738089e+01 7.50029396812412e-07 7.22073755658495e-07 1.11570282000377e-06
1.60236697095633e+01 3.91461797302369e-07 3.72739711344430e-07 1.87101719032389e-07
1.60725969453177e+01 4.92830426784286e-07 5.23080018497253e-07 5.38289785116975e-07
1.61215241810721e+01 4.58145322117170e-07 3.98077379884030e-07 3.79497041820389e-07
1.61704514168265e+01 4.74394342717858e-07 5.48942025144950e-07 3.49018694999570e-08
1.62193786525809e+01 4.06009950323379e-07 4.28340497591165e-07 -3.45108457774870e-08
1.62683058883353e+01 3.54724080637060e-07 3.54724080637061e-08 1.42396380941449e-08
1.63172331240897e+01 3.37325582058631e-07 1.61916279388143e-07 6.24052326808468e-08
1.63661603598441e+01 2.86297833896777e-07 3.48609715391958e-07 -3.34294823697118e-08
1.64150875955984e+01 3.19502705887333e-07 2.83516611645286e-07 -6.65070106202316e-08
1.64640148313528e+01 3.19027608664084e-07 3.77795852365363e-07 3.59141132721900e-07
1.65129420671072e+01 3.35320657422373e-07 1.75037383174479e-07 4.11706703183190e-07
1.65618693028616e+01 2.00894992377386e-07 9.64295963411456e-08 9.06036415622014e-08
1.66107965386160e+01 2.34032056149722e-07 1.82545003796783e-07 8.48199037788350e-08
1.66597237743704e+01 3.17148195498967e-07 2.15326932733509e-07 4.57528002032985e-08
1.67086510101248e+01 1.66675531183502e-07 1.52008084439354e-07 -2.69681009454905e-08
1.67575782458792e+01 1.83075234510471e-07 2.00717029836026e-07 1.01273891090565e-07
1.68065054816336e+01 2.65903353049840e-07 9.37309319500687e-08 1.49703587767060e-07
1.68554327173880e+01 1.32758573043884e-07 9.35947939959382e-08 -7.34154908932678e-08
1.69043599531424e+01 2.98274194205964e-07 2.46573333876930e-07 7.25800539234522e-09
1.69532871888968e+01 1.65468596179556e-07 1.72749214411456e-07 1.17482703287485e-08
1.70022144246511e+01 1.48707306304140e-07 2.08190228825797e-08 -9.01661967224105e-08
1.70511416604055e+01 4.94979332174391e-08 7.42468998261586e-08 5.57841707360539e-08
1.71000688961599e+01 2.47135349991288e-07 1.87822865993379e-08 1.74526984163848e-07
1.71489961319143e+01 9.87130205241436e-08 2.96139061572431e-08 -5.85368211708171e-08
1.71979233676687e+01 1.31430004930287e-07 -6.30864023665379e-08 1.44573005423315e-09
1.72468506034231e+01 8.20271543667564e-08 1.99818148037418e-07 2.08988783895622e-07
1.72957778391775e+01 1.47439891374862e-07 2.30989163153951e-07 6.94441888375602e-08
1.73447050749319e+01 1.14513614289913e-07 2.65017221642370e-08 -1.29236793270045e-09
1.73936323106863e+01 1.47024566912130e-07 1.38203092897402e-07 -9.22824198318468e-08
1.74425595464407e+01 1.63131351712321e-07 1.27242454335610e-07 1.78367819962252e-07
1.74914867821951e+01 1.95483643443189e-07 2.36535208566258e-07 2.88729341365590e-07
1.75404140179495e+01 6.50702706621722e-08 1.05413838472719e-07 4.28813083663715e-08
1.75893412537039e+01 1.46204339776331e-07 4.38613019328993e-08 1.49956917830590e-07
1.76382684894582e+01 9.73342793417641e-08 -1.16801135210117e-08 5.55778735041474e-08
1.76871957252126e+01 9.71995605514672e-08 9.52555693404379e-08 8.62160102091514e-08
1.77361229609670e+01 1.45598099405094e-07 1.87336221234554e-07 3.42689393299789e-07
1.77850501967214e+01 4.84658963291505e-08 8.82079313190539e-08 2.98065262424276e-08
1.78339774324758e+01 8.06656132615207e-08 9.38947738364101e-08 -3.57026004295490e-08
1.78829046682302e+01 4.83331128020225e-08 6.47663711547102e-08 1.02031201125070e-07
1.79318319039846e+01 1.60890429998380e-08 1.06187683798931e-08 -3.43822848906538e-08
1.79807591397390e+01 1.60671382340646e-08 3.18129337034478e-08 1.23234950255275e-08
1.80296863754934e+01 3.20906453869499e-08 4.81359680804249e-08 -1.85163023882701e-08
1.80786136112478e+01 0.00000000000000e+00 0.00000000000000e+00 0.00000000000000e+00
1.81275408470022e+01 3.20039137543315e-08 4.60856358062374e-08 -2.46110096770809e-08
1.81764680827565e+01 3.19608108206253e-08 5.56118108278880e-08 6.87157432643446e-09
1.82253953185109e+01 1.59589407862389e-08 -4.78768223587167e-09 -3.87004314066294e-08
1.82743225542653e+01 1.59375624232777e-08 -3.15563735980898e-08 1.22241103786539e-08
1.83232497900197e+01 3.18325394904035e-08 5.92085234521505e-08 2.17416244719456e-08
1.83721770257741e+01 3.17901243623172e-08 6.10370387756490e-08 2.05682104624192e-08
1.84211042615285e+01 0.00000000000000e+00 0.00000000000000e+00 0.00000000000000e+00
1.84700314972829e+01 3.17058002764962e-08 2.09258281824875e-08 2.96449232585240e-08
1.85189587330373e+01 3.16638890879489e-08 -3.79966669055387e-09 -6.27261642832268e-08
1.85678859687917e+01 4.74332154983910e-08 1.42299646495173e-08 -9.68111928322159e-08
1.86168132045461e+01 0.00000000000000e+00 0.00000000000000e+00 0.00000000000000e+00
1.86657404403005e+01 3.15391457700617e-08 1.70311387158333e-08 -5.26388342902329e-08
1.87146676760549e+01 1.57489455735399e-08 4.44120265173825e-08 6.49958983819992e-08
1.87635949118093e+01 4.71851969856712e-08 7.83274269962142e-08 2.07143014767097e-08
1.88125221475636e+01 1.57079326248172e-08 -2.35618989372257e-08 -9.81745789051072e-09
1.88614493833180e+01 0.00000000000000e+00 0.00000000000000e+00 0.00000000000000e+00
1.89103766190724e+01 0.00000000000000e+00 0.00000000000000e+00 0.00000000000000e+00
1.89593038548268e+01 0.00000000000000e+00 0.00000000000000e+00 0.00000000000000e+00
1.90082310905812e+01 0.00000000000000e+00 0.00000000000000e+00 0.00000000000000e+00
1.90571583263356e+01 1.56067858380993e-08 -4.21383217628682e-08 5.57942593712052e-08
1.91060855620900e+01 0.00000000000000e+00 0.00000000000000e+00 0.00000000000000e+00
1.91550127978444e+01 0.00000000000000e+00 0.00000000000000e+00 0.00000000000000e+00
1.92039400335988e+01 0.00000000000000e+00 0.00000000000000e+00 0.00000000000000e+00
1.92528672693532e+01 0.00000000000000e+00 0.00000000000000e+00 0.00000000000000e+00
1.93017945051076e+01 0.00000000000000e+00 0.00000000000000e+00 0.00000000000000e+00
1.93507217408620e+01 3.09759014287637e-08 2.41612031144357e-08 -1.67579626729611e-08
1.93996489766163e+01 0.00000000000000e+00 0.00000000000000e+00 0.00000000000000e+00
1.94485762123707e+01 0.00000000000000e+00 0.00000000000000e+00 0.00000000000000e+00
1.94975034481251e+01 1.54295421441000e-08 4.16597637890700e-08 5.51606131651575e-08
1.95464306838795e+01 3.08204379558325e-08 7.39690510939980e-09 -7.47395620428938e-08
1.95953579196339e+01 0.00000000000000e+00 0.00000000000000e+00 0.00000000000000e+00
1.96442851553883e+01 1.53717894443341e-08 -4.33484462330222e-08 6.34393750367669e-08
1.96932123911427e+01 0.00000000000000e+00 0.00000000000000e+00 0.00000000000000e+00
1.97421396268971e+01 0.00000000000000e+00 0.00000000000000e+00 0.00000000000000e+00
1.97910668626515e+01 0.00000000000000e+00 0.00000000000000e+00 0.00000000000000e+00
1.98399940984059e+01 0.00000000000000e+00 0.00000000000000e+00 0.00000000000000e+00
1.98889213341603e+01 0.00000000000000e+00 0.00000000000000e+00 0.00000000000000e+00
1.99378485699147e+01 0.00000000000000e+00 0.00000000000000e+00 0.00000000000000e+00
1.99867758056690e+01 0.00000000000000e+00 0.00000000000000e+00 0.00000000000000e+00
2.00357030414234e+01 0.00000000000000e+00 0.00000000000000e+00 0.00000000000000e+00
2.00846302771778e+01 1.52023462958053e-08 3.92220534431776e-08 4.63215491633187e-08
2.01335575129322e+01 0.00000000000000e+00 0.00000000000000e+00 0.00000000000000e+00
2.01824847486866e+01 0.00000000000000e+00 0.00000000000000e+00 0.00000000000000e+00
2.02314119844410e+01 1.51470983372989e-08 1.90853439049966e-08 -1.78281347430008e-08
2.02803392201954e+01 0.00000000000000e+00 0.00000000000000e+00 0.00000000000000e+00
2.03292664559498e+01 0.00000000000000e+00 0.00000000000000e+00 0.00000000000000e+00
2.03781936917042e+01 0.00000000000000e+00 0.00000000000000e+00 0.00000000000000e+00
2.04271209274586e+01 0.00000000000000e+00 0.00000000000000e+00 0.00000000000000e+00
2.04760481632130e+01 3.01126839760811e-08 5.23960701183810e-08 6.92591731449884e-10
2.05249753989674e+01 0.00000000000000e+00 0.00000000000000e+00 0.00000000000000e+00
2.05739026347217e+01 0.00000000000000e+00 0.00000000000000e+00 0.00000000000000e+00
2.06228298704761e+01 0.00000000000000e+00 0.00000000000000e+00 0.00000000000000e+00
2.06717571062305e+01 0.00000000000000e+00 0.00000000000000e+00 0.00000000000000e+00
2.07206843419849e+01 0.00000000000000e+00 0.00000000000000e+00 0.00000000000000e+00
2.07696115777393e+01 0.00000000000000e+00 0.00000000000000e+00 0.00000000000000e+00
2.08185388134937e+01 0.00000000000000e+00 0.00000000000000e+00 0.00000000000000e+00
2.08674660492481e+01 0.00000000000000e+00 0.00000000000000e+00 0.00000000000000e+00
2.09163932850025e+01 0.00000000000000e+00 0.00000000000000e+00 0.00000000000000e+00
2.09653205207569e+01 0.00000000000000e+00 0.00000000000000e+00 0.00000000000000e+00
2.10142477565113e+01 0.00000000000000e+00 0.00000000000000e+00 0.00000000000000e+00
2.10631749922657e+01 0.00000000000000e+00 0.00000000000000e+00 0.00000000000000e+00
2.11121022280201e+01 0.00000000000000e+00 0.00000000000000e+00 0.00000000000000e+00
2.11610294637745e+01 0.00000000000000e+00 0.00000000000000e+00 0.00000000000000e+00
2.12099566995288e+01 0.00000000000000e+00 0.00000000000000e+00 0.00000000000000e+00
2.12588839352832e+01 0.00000000000000e+00 0.00000000000000e+00 0.00000000000000e+00
2.13078111710376e+01 0.00000000000000e+00 0.00000000000000e+00 0.00000000000000e+00
2.13567384067920e+01 0.00000000000000e+00 0.00000000000000e+00 0.00000000000000e+00
2.14056656425464e+01 0.00000000000000e+00 0.00000000000000e+00 0.00000000000000e+00
2.14545928783008e+01 0.00000000000000e+00 0.00000000000000e+00 0.00000000000000e+00
2.15035201140552e+01 0.00000000000000e+00 0.00000000000000e+00 0.00000000000000e+00
2.15524473498096e+01 0.00000000000000e+00 0.00000000000000e+00 0.00000000000000e+00
2.16013745855640e+01 0.00000000000000e+00 0.00000000000000e+00 0.00000000000000e+00
2.16503018213184e+01 0.00000000000000e+00 0.00000000000000e+00 0.00000000000000e+00
2.16992290570728e+01 0.00000000000000e+00 0.00000000000000e+00 0.00000000000000e+00
2.17481562928272e+01 0.00000000000000e+00 0.00000000000000e+00 0.00000000000000e+00
2.17970835285815e+01 0.00000000000000e+00 0.00000000000000e+00 0.00000000000000e+00
2.18460107643359e+01 0.00000000000000e+00 0.00000000000000e+00 0.00000000000000e+00
2.18949380000903e+01 0.00000000000000e+00 0.00000000000000e+00 0.00000000000000e+00
2.19438652358447e+01 0.00000000000000e+00 0.00000000000000e+00 0.00000000000000e+00
2.19927924715991e+01 0.00000000000000e+00 0.00000000000000e+00 0.00000000000000e+00
2.20417197073535e+01 0.00000000000000e+00 0.00000000000000e+00 0.00000000000000e+00
2.20906469431079e+01 0.00000000000000e+00 0.00000000000000e+00 0.00000000000000e+00
2.21395741788623e+01 0.00000000000000e+00 0.00000000000000e+00 0.00000000000000e+00
2.21885014146167e+01 0.00000000000000e+00 0.00000000000000e+00 0.00000000000000e+00
2.22374286503711e+01 0.00000000000000e+00 0.00000000000000e+00 0.00000000000000e+00
2.22863558861255e+01 0.00000000000000e+00 0.00000000000000e+00 0.00000000000000e+00
2.23352831218799e+01 0.00000000000000e+00 0.00000000000000e+00 0.00000000000000e+00
2.23842103576342e+01 0.00000000000000e+00 0.00000000000000e+00 0.00000000000000e+00
2.24331375933886e+01 0.00000000000000e+00 0.00000000000000e+00 0.00000000000000e+00
2.24820648291430e+01 0.00000000000000e+00 0.00000000000000e+00 0.00000000000000e+00
2.25309920648974e+01 0.00000000000000e+00 0.00000000000000e+00 0.00000000000000e+00
2.25799193006518e+01 0.00000000000000e+00 0.00000000000000e+00 0.00000000000000e+00
2.26288465364062e+01 0.00000000000000e+00 0.00000000000000e+00 0.00000000000000e+00
2.26777737721606e+01 0.00000000000000e+00 0.00000000000000e+00 0.00000000000000e+00
2.27267010079150e+01 0.00000000000000e+00 0.00000000000000e+00 0.00000000000000e+00
2.27756282436694e+01 0.00000000000000e+00 0.00000000000000e+00 0.00000000000000e+00
2.28245554794238e+01 0.00000000000000e+00 0.00000000000000e+00 0.00000000000000e+00
2.28734827151782e+01 0.00000000000000e+00 0.00000000000000e+00 0.00000000000000e+00
2.29224099509326e+01 0.00000000000000e+00 0.00000000000000e+00 0.00000000000000e+00
2.29713371866869e+01 0.00000000000000e+00 0.00000000000000e+00 0.00000000000000e+00
2.30202644224413e+01 0.00000000000000e+00 0.00000000000000e+00 0.00000000000000e+00
2.30691916581957e+01 0.00000000000000e+00 0.00000000000000e+00 0.00000000000000e+00
2.31181188939501e+01 0.00000000000000e+00 0.00000000000000e+00 0.00000000000000e+00
2.31670461297045e+01 0.00000000000000e+00 0.00000000000000e+00 0.00000000000000e+00
2.32159733654589e+01 0.00000000000000e+00 0.00000000000000e+00 0.00000000000000e+00
2.32649006012133e+01 0.00000000000000e+00 0.00000000000000e+00 0.00000000000000e+00
2.33138278369677e+01 0.00000000000000e+00 0.00000000000000e+00 0.00000000000000e+00
2.33627550727221e+01 0.00000000000000e+00 0.00000000000000e+00 0.00000000000000e+00
2.34116823084765e+01 0.00000000000000e+00 0.00000000000000e+00 0.00000000000000e+00
2.34606095442309e+01 0.00000000000000e+00 0.00000000000000e+00 0.00000000000000e+00
2.35095367799853e+01 0.00000000000000e+00 0.00000000000000e+00 0.00000000000000e+00
2.35584640157396e+01 0.00000000000000e+00 0.00000000000000e+00 0.00000000000000e+00
2.36073912514940e+01 0.00000000000000e+00 0.00000000000000e+00 0.00000000000000e+00
2.36563184872484e+01 0.00000000000000e+00 0.00000000000000e+00 0.00000000000000e+00
2.37052457230028e+01 0.00000000000000e+00 0.00000000000000e+00 0.00000000000000e+00
2.37541729587572e+01 0.00000000000000e+00 0.00000000000000e+00 0.00000000000000e+00
2.38031001945116e+01 0.00000000000000e+00 0.00000000000000e+00 0.00000000000000e+00
2.38520274302660e+01 0.00000000000000e+00 0.00000000000000e+00 0.00000000000000e+00
2.39009546660204e+01 0.00000000000000e+00 0.00000000000000e+00 0.00000000000000e+00
2.39498819017748e+01 0.00000000000000e+00 0.00000000000000e+00 0.00000000000000e+00
2.39988091375292e+01 0.00000000000000e+00 0.00000000000000e+00 0.00000000000000e+00
2.40477363732836e+01 0.00000000000000e+00 0.00000000000000e+00 0.00000000000000e+00
2.40966636090380e+01 0.00000000000000e+00 0.00000000000000e+00 0.00000000000000e+00
2.41455908447923e+01 0.00000000000000e+00 0.00000000000000e+00 0.00000000000000e+00
2.41945180805467e+01 0.00000000000000e+00 0.00000000000000e+00 0.00000000000000e+00
2.42434453163011e+01 0.00000000000000e+00 0.00000000000000e+00 0.00000000000000e+00
2.42923725520555e+01 0.00000000000000e+00 0.00000000000000e+00 0.00000000000000e+00
2.43412997878099e+01 0.00000000000000e+00 0.00000000000000e+00 0.00000000000000e+00
2.43902270235643e+01 0.00000000000000e+00 0.00000000000000e+00 0.00000000000000e+00
2.44391542593187e+01 0.00000000000000e+00 0.00000000000000e+00 0.00000000000000e+00
