Energy(eV)           EEDF(eV^-(3/2))      First Anisotropy     Second Anisotropy    
1.18702593968443e-02 6.69224757658141e-01 6.59820657232948e-04 5.85153233965604e-03
3.56107781905328e-02 7.07724184209620e-01 3.02633050724816e-03 -1.69426828566063e-03
5.93512969842213e-02 7.12287673663416e-01 2.36718198131408e-03 -6.12470456920624e-03
8.30918157779098e-02 7.13998705225105e-01 2.76481628470655e-03 -7.33369370522964e-03
1.06832334571598e-01 7.18396204503829e-01 2.49795692622335e-03 -1.71448194967693e-02
1.30572853365287e-01 7.26558070590874e-01 4.60924820936443e-03 -3.10498335052189e-02
1.54313372158975e-01 7.29234790860963e-01 2.78290904806209e-02 -3.22323905034040e-02
1.78053890952664e-01 7.27060206922285e-01 2.93709752019503e-02 -2.36346127956657e-02
2.01794409746352e-01 7.25430957450052e-01 3.49735443479046e-02 -2.57627748439245e-02
2.25534928540041e-01 7.24304604713798e-01 3.33321817334619e-02 -2.57531966653421e-02
2.49275447333729e-01 7.33511318073539e-01 3.55673355882228e-02 -5.00575133333165e-02
2.73015966127418e-01 7.31375874798782e-01 8.02468621920404e-02 -4.97669131667106e-02
2.96756484921107e-01 7.11858827524497e-01 8.62244015547895e-02 -1.97625491183416e-02
3.20497003714795e-01 6.99806066823726e-01 9.38203380954632e-02 -1.44879645297448e-02
3.44237522508484e-01 6.86834381210294e-01 8.14867168698847e-02 -4.07074129914930e-03
3.67978041302172e-01 6.88871585840014e-01 7.94913642611950e-02 -3.15553302041964e-02
3.91718560095861e-01 6.81125516719170e-01 1.23064967572441e-01 -4.10758687702149e-02
4.15459078889549e-01 6.53959104448293e-01 1.33438205535066e-01 -9.23367690676873e-03
4.39199597683238e-01 6.24724657498847e-01 1.38831308656911e-01 2.07264931218991e-02
4.62940116476926e-01 6.00880939761119e-01 1.06878688223487e-01 2.84508585916133e-02
4.86680635270615e-01 5.97678157451889e-01 9.75383204611172e-02 3.09514185234474e-04
5.10421154064303e-01 5.89678421430032e-01 1.25974414909207e-01 -1.13390907710679e-02
5.34161672857992e-01 5.62496826422009e-01 1.39167659083810e-01 7.85866728208687e-03
5.57902191651680e-01 5.30657425799941e-01 1.38670221135296e-01 3.84934885744862e-02
5.81642710445369e-01 5.06774947773308e-01 1.00714231536832e-01 4.53596587148540e-02
6.05383229239057e-01 5.05676770801485e-01 9.27067932034792e-02 1.27395070853927e-02
6.29123748032746e-01 4.91104771321814e-01 1.07358380129942e-01 1.30694949222125e-02
6.52864266826434e-01 4.73476364681557e-01 1.09964382396500e-01 1.99382162696285e-02
6.76604785620123e-01 4.50954737863602e-01 1.09588369293139e-01 3.94942958269374e-02
7.00345304413811e-01 4.32660809035655e-01 7.88709635729248e-02 4.79845759479368e-02
7.24085823207500e-01 4.33956705922888e-01 7.41769371453762e-02 2.07349757915339e-02
7.47826342001188e-01 4.23935411980735e-01 7.86856095706583e-02 2.10419072767473e-02
7.71566860794877e-01 4.12333609078965e-01 7.99434111435685e-02 2.44064218606934e-02
7.95307379588565e-01 3.96526569302326e-01 7.39400541713040e-02 3.76278155830446e-02
8.19047898382254e-01 3.89929224394480e-01 5.26688095933288e-02 3.04439211559760e-02
8.42788417175942e-01 3.88852337133856e-01 5.24643344407505e-02 1.50580001445224e-02
8.66528935969631e-01 3.82035273197253e-01 5.53336118259998e-02 1.45184101263569e-02
8.90269454763320e-01 3.71938763461414e-01 5.60285619152602e-02 1.83639489393150e-02
9.14009973557008e-01 3.60076728072082e-01 4.61135744687625e-02 2.56714958786750e-02
9.37750492350697e-01 3.56983626374503e-01 3.64137262124336e-02 1.39588044239361e-02
9.61491011144385e-01 3.52910874086147e-01 3.76210670223187e-02 9.27948267021237e-03
9.85231529938074e-01 3.45992514777998e-01 3.82648100549965e-02 9.80353205208391e-03
1.00897204873176e+00 3.38795096154348e-01 3.82918691582620e-02 9.41163895398582e-03
1.03271256752545e+00 3.31271057933550e-01 3.32884329100631e-02 1.22019756432004e-02
1.05645308631914e+00 3.27470386376938e-01 2.84479017293280e-02 8.20371004936318e-03
1.08019360511283e+00 3.23410584581549e-01 2.89681869994523e-02 5.62654179158779e-03
1.10393412390652e+00 3.18109497557383e-01 2.81321985471717e-02 5.20812703113955e-03
1.12767464270020e+00 3.12448677349677e-01 2.76174435518692e-02 6.91734372253862e-03
1.15141516149389e+00 3.07339436605840e-01 2.47936059213151e-02 6.33094743536872e-03
1.17515568028758e+00 3.03650541472894e-01 2.23922356550788e-02 4.32545859166400e-03
1.19889619908127e+00 2.99956594800384e-01 2.32915747137796e-02 4.10330792602801e-03
1.22263671787496e+00 2.95778422464962e-01 2.25113148800207e-02 4.52891863950403e-03
1.24637723666865e+00 2.91231428117979e-01 2.05061081603077e-02 4.57246187070870e-03
1.27011775546234e+00 2.87826509294753e-01 2.03540896965451e-02 3.14082338099095e-03
1.29385827425602e+00 2.84391057450983e-01 1.99753591885955e-02 1.87741652863334e-03
1.31759879304971e+00 2.80755191109250e-01 2.04852752691848e-02 1.57907837844276e-03
1.34133931184340e+00 2.77076513308076e-01 1.96593267701665e-02 2.05642996745418e-03
1.36507983063709e+00 2.73030580077321e-01 1.90444589121580e-02 2.10446080972763e-03
1.38882034943078e+00 2.69937259071024e-01 1.89905604606905e-02 5.56147974683750e-05
1.41256086822447e+00 2.66700318966665e-01 1.95717576376359e-02 1.25674725518304e-03
1.43630138701816e+00 2.62914709717039e-01 1.92011023788300e-02 1.58773802128985e-03
1.46004190581184e+00 2.59688897918380e-01 1.89027919380351e-02 1.72009174626000e-04
1.48378242460553e+00 2.56309790606444e-01 1.96116633619510e-02 5.41139329414319e-04
1.50752294339922e+00 2.52715386969264e-01 1.85588832571763e-02 3.67412388978217e-04
1.53126346219291e+00 2.49130402399777e-01 1.86280937960493e-02 -4.48885355966445e-05
1.55500398098660e+00 2.45853017386398e-01 1.90508909719946e-02 1.10685681839479e-03
1.57874449978029e+00 2.42651357257254e-01 1.84341383870175e-02 4.47960260621203e-04
1.60248501857398e+00 2.39007862795732e-01 1.86243196457700e-02 3.71454934755252e-04
1.62622553736766e+00 2.35978530365421e-01 1.89173834198633e-02 5.09110709278067e-04
1.64996605616135e+00 2.32408964762069e-01 1.89269739949373e-02 7.43971952847980e-04
1.67370657495504e+00 2.29152617548026e-01 1.87827922713963e-02 1.26415781813056e-04
1.69744709374873e+00 2.26042925487164e-01 1.89219003288674e-02 3.01928240525364e-04
1.72118761254242e+00 2.22607033779643e-01 1.86703481365568e-02 1.70053033143507e-04
1.74492813133611e+00 2.19499567927315e-01 1.86161266086966e-02 2.16986533387831e-04
1.76866865012979e+00 2.16247914381641e-01 1.92256103495223e-02 2.31199878101452e-04
1.79240916892348e+00 2.13136867576705e-01 1.87163324980110e-02 2.45365460544673e-04
1.81614968771717e+00 2.09670431540090e-01 1.90885132806345e-02 1.66924911347399e-04
1.83989020651086e+00 2.06781395302605e-01 1.89430681217795e-02 1.32602522363078e-04
1.86363072530455e+00 2.03142989853848e-01 1.91016079933694e-02 4.52248033465804e-04
1.88737124409824e+00 1.99844905123690e-01 1.87041006468391e-02 4.88038305375067e-04
1.91111176289193e+00 1.96798127472931e-01 1.86523435884965e-02 -2.83632069049779e-04
1.93485228168561e+00 1.94037161392940e-01 1.84168746260307e-02 -3.89256575102047e-04
1.95859280047930e+00 1.90682036890391e-01 1.92300159606033e-02 7.11541773115538e-04
1.98233331927299e+00 1.87177836176441e-01 1.92790935372502e-02 1.06230328654081e-03
2.00607383806668e+00 1.84061168446827e-01 1.89288627329558e-02 2.03064864665058e-04
2.02981435686037e+00 1.81493946801293e-01 1.88987530275263e-02 5.50904416366480e-04
2.05355487565406e+00 1.78734742714939e-01 1.87427032353052e-02 5.73418096832353e-04
2.07729539444775e+00 1.75711284068754e-01 1.88939770677693e-02 5.05957970356079e-04
2.10103591324143e+00 1.72452489765198e-01 1.87117188326807e-02 4.00844981146580e-04
2.12477643203512e+00 1.69565030678586e-01 1.83817288648123e-02 4.53207481586960e-04
2.14851695082881e+00 1.66427252199339e-01 1.81827619272550e-02 1.05065342958221e-04
2.17225746962250e+00 1.63923671540684e-01 1.82826838206696e-02 -1.30153046083170e-04
2.19599798841619e+00 1.60889537383130e-01 1.83494187081006e-02 1.02142303436728e-03
2.21973850720988e+00 1.58096459949285e-01 1.80641841145969e-02 7.42639132636300e-04
2.24347902600357e+00 1.55461335833681e-01 1.81997547536714e-02 5.25322535585547e-04
2.26721954479725e+00 1.52673735154712e-01 1.80416417789448e-02 7.35462579058973e-04
2.29096006359094e+00 1.49656897903968e-01 1.73732981376041e-02 4.48386260608888e-04
2.31470058238463e+00 1.46808980914726e-01 1.82402470089646e-02 9.58168342731749e-04
2.33844110117832e+00 1.44236005314686e-01 1.76480804749875e-02 6.83504042742592e-04
2.36218161997201e+00 1.41736387092913e-01 1.75290958367933e-02 1.01855423544932e-03
2.38592213876570e+00 1.38855812181807e-01 1.72412288030328e-02 1.36840835385872e-03
2.40966265755938e+00 1.36413676166902e-01 1.73394607795633e-02 6.11656922047530e-04
2.43340317635307e+00 1.34016059568877e-01 1.70838152970831e-02 3.38686857891735e-04
2.45714369514676e+00 1.31462699027927e-01 1.69583248576310e-02 9.63658496019162e-04
2.48088421394045e+00 1.29048465129714e-01 1.69627885432009e-02 4.98655450112011e-04
2.50462473273414e+00 1.26297646453583e-01 1.69164390683493e-02 1.07643723976878e-03
2.52836525152783e+00 1.23820118332399e-01 1.66006136355095e-02 7.56045062906511e-04
2.55210577032152e+00 1.21436578697806e-01 1.64183982724974e-02 8.65018934319458e-04
2.57584628911520e+00 1.19024269864051e-01 1.58692091690190e-02 9.33399084988061e-04
2.59958680790889e+00 1.16629380735500e-01 1.61962922042005e-02 9.16555840980763e-04
2.62332732670258e+00 1.14340694775096e-01 1.59087822083261e-02 9.90587514338994e-04
2.64706784549627e+00 1.12154529019827e-01 1.57511541070612e-02 1.27994039037204e-03
2.67080836428996e+00 1.09901805122918e-01 1.53330216682879e-02 9.14107687388616e-04
2.69454888308365e+00 1.07882030199379e-01 1.54495545789480e-02 5.56031073906995e-04
2.71828940187734e+00 1.05452831758081e-01 1.54062743329209e-02 5.40642203773454e-04
2.74202992067102e+00 1.03510669287421e-01 1.51915117715252e-02 9.27615776736683e-04
2.76577043946471e+00 1.01336763109455e-01 1.49391684174402e-02 6.51593957399961e-04
2.78951095825840e+00 9.90589574282666e-02 1.46362365611925e-02 9.75088232954207e-04
2.81325147705209e+00 9.71612078882992e-02 1.44821400149176e-02 1.08452795012231e-03
2.83699199584578e+00 9.51532496665336e-02 1.40487448247662e-02 8.35075134723709e-04
2.86073251463947e+00 9.32691145985420e-02 1.41737298720303e-02 7.00595041914616e-04
2.88447303343316e+00 9.13374992288637e-02 1.40301996239866e-02 1.19228593377703e-03
2.90821355222684e+00 8.89420858531662e-02 1.38869660326756e-02 1.33845030606070e-03
2.93195407102053e+00 8.70492212119053e-02 1.37151490901989e-02 1.44984075766102e-03
2.95569458981422e+00 8.52726011494457e-02 1.35851880286997e-02 1.49784063279854e-03
2.97943510860791e+00 8.33355314726215e-02 1.33597970925341e-02 1.24590189826267e-03
3.00317562740160e+00 8.16550646563683e-02 1.29412247304219e-02 1.21147519083102e-03
3.02691614619529e+00 8.00763433445842e-02 1.28531277520363e-02 1.29908217282516e-03
3.05065666498897e+00 7.82504753103037e-02 1.26374916364508e-02 6.94168769591865e-04
3.07439718378266e+00 7.67355162540949e-02 1.25282266982529e-02 1.17408932249009e-03
3.09813770257635e+00 7.48553090516901e-02 1.19429573463995e-02 8.74847238547106e-04
3.12187822137004e+00 7.32814042027507e-02 1.21173797493977e-02 8.44164038412493e-04
3.14561874016373e+00 7.16940363847778e-02 1.19448872141242e-02 1.08163378823506e-03
3.16935925895742e+00 6.99931907449370e-02 1.18267819484272e-02 1.11705997780371e-03
3.19309977775111e+00 6.85910945718388e-02 1.14812993241792e-02 8.78318712320402e-04
3.21684029654479e+00 6.70501748654347e-02 1.13799984704265e-02 1.19430156421923e-03
3.24058081533848e+00 6.54226699358294e-02 1.09850350386783e-02 1.35051273480497e-03
3.26432133413217e+00 6.41881803903346e-02 1.09215714093631e-02 8.30969051392758e-04
3.28806185292586e+00 6.26308247674312e-02 1.07318278230765e-02 8.66122856271199e-04
3.31180237171955e+00 6.13721990559149e-02 1.03687002755452e-02 1.05597482767801e-03
3.33554289051324e+00 6.00054136233766e-02 1.05639929850776e-02 8.89379966249414e-04
3.35928340930693e+00 5.86571996383140e-02 1.01904625019144e-02 9.30153936643942e-04
3.38302392810061e+00 5.73437914585836e-02 1.00248355064524e-02 1.04521653312838e-03
3.40676444689430e+00 5.60334250053417e-02 9.93113745229164e-03 6.72022255285163e-04
3.43050496568799e+00 5.46678675596574e-02 9.59167299370854e-03 1.05024073829922e-03
3.45424548448168e+00 5.36688184530100e-02 9.44753971944724e-03 9.03021227813113e-04
3.47798600327537e+00 5.22171447460235e-02 9.35738124418176e-03 9.69272429768498e-04
3.50172652206906e+00 5.10717392920896e-02 9.19171551944378e-03 6.66201358698757e-04
3.52546704086275e+00 4.98388628296334e-02 8.80021509956675e-03 1.10148591363237e-03
3.54920755965643e+00 4.87905681708527e-02 8.86553259989581e-03 1.16523101766395e-03
3.57294807845012e+00 4.76585123069871e-02 8.41689529322223e-03 9.45576439605690e-04
3.59668859724381e+00 4.65337375041881e-02 8.55535301520480e-03 8.71842499567512e-04
3.62042911603750e+00 4.54026993007463e-02 8.55306094311621e-03 7.70145666756049e-04
3.64416963483119e+00 4.42795400670731e-02 8.22736044085569e-03 8.58780527066793e-04
3.66791015362488e+00 4.34097481713526e-02 7.98700128089593e-03 9.65803662503759e-04
3.69165067241856e+00 4.22383584031891e-02 7.82523720125903e-03 1.07235584605826e-03
3.71539119121225e+00 4.12503969397231e-02 7.77547127142637e-03 8.43589356836551e-04
3.73913171000594e+00 4.02658804011206e-02 7.40838959129972e-03 8.64217140469085e-04
3.76287222879963e+00 3.91710992202094e-02 7.34980796087796e-03 9.27175972160301e-04
3.78661274759332e+00 3.84178226423897e-02 7.20891532099346e-03 1.20091765163246e-03
3.81035326638701e+00 3.73508290990382e-02 6.99235798528554e-03 8.08823329924389e-04
3.83409378518070e+00 3.64840791326046e-02 6.83862325801641e-03 7.49815225151364e-04
3.85783430397438e+00 3.56621319179467e-02 6.72547130050137e-03 6.83856267303955e-04
3.88157482276807e+00 3.48691539218707e-02 6.59150396680120e-03 8.80814898766945e-04
3.90531534156176e+00 3.40026109376467e-02 6.69651801285086e-03 7.75291943200432e-04
3.92905586035545e+00 3.31531793664738e-02 6.39316259531175e-03 6.79293855912591e-04
3.95279637914914e+00 3.22466645712869e-02 6.13080848646132e-03 5.93514255261736e-04
3.97653689794283e+00 3.14503603214795e-02 6.09290264390670e-03 8.07387018994061e-04
4.00027741673652e+00 3.06229206984600e-02 5.99995771281662e-03 6.49556753129672e-04
4.02401793553020e+00 2.98792515379132e-02 6.00922018836205e-03 9.12551585910813e-04
4.04775845432389e+00 2.91605949756655e-02 5.88197028187611e-03 6.42132100516185e-04
4.07149897311758e+00 2.83088879709777e-02 5.58680355912386e-03 6.08899849287903e-04
4.09523949191127e+00 2.76982111238549e-02 5.46479007080124e-03 7.45323878993115e-04
4.11898001070496e+00 2.69292664070915e-02 5.49876913954919e-03 5.39818816797318e-04
4.14272052949865e+00 2.61763466282244e-02 5.35821181897072e-03 6.75871966107654e-04
4.16646104829234e+00 2.54864830703461e-02 5.23951386136873e-03 5.18216717639419e-04
4.19020156708602e+00 2.48870366466410e-02 5.07985782143495e-03 5.77709365253373e-04
4.21394208587971e+00 2.42454162351179e-02 5.02031821346949e-03 4.13437346870179e-04
4.23768260467340e+00 2.35575272350203e-02 4.84317386372195e-03 4.98709321773027e-04
4.26142312346709e+00 2.28976079822547e-02 4.82484042999453e-03 6.10077302226253e-04
4.28516364226078e+00 2.22106696776320e-02 4.71061980548069e-03 6.47755940409793e-04
4.30890416105447e+00 2.15958802352739e-02 4.61468850792288e-03 3.98170156622227e-04
4.33264467984815e+00 2.09746486028167e-02 4.61080700194219e-03 4.60088139137719e-04
4.35638519864184e+00 2.04169088304972e-02 4.43918522227368e-03 5.85744372823471e-04
4.38012571743553e+00 1.97885521214886e-02 4.34605054518386e-03 4.67134054465199e-04
4.40386623622922e+00 1.91444670462705e-02 4.36225355343059e-03 5.50300621566089e-04
4.42760675502291e+00 1.86430480151031e-02 4.18989528569484e-03 6.32997081978669e-04
4.45134727381660e+00 1.80816194965343e-02 4.16292662337776e-03 4.45066697989217e-04
4.47508779261029e+00 1.75462711896064e-02 3.98491621192375e-03 5.47635988298413e-04
4.49882831140397e+00 1.70453894215961e-02 3.92398387675338e-03 4.57020409739597e-04
4.52256883019766e+00 1.66254362100606e-02 3.78894671042826e-03 4.25979165624358e-04
4.54630934899135e+00 1.60166255928506e-02 3.81717360955471e-03 4.79997958072327e-04
4.57004986778504e+00 1.55696497433487e-02 3.73649524882548e-03 3.78430606959251e-04
4.59379038657873e+00 1.50441224234796e-02 3.64147280486039e-03 4.60404153824905e-04
4.61753090537242e+00 1.45919091578942e-02 3.51507057419918e-03 3.42888922825229e-04
4.64127142416611e+00 1.41574925577305e-02 3.37767852951279e-03 4.00150801534104e-04
4.66501194295979e+00 1.37604248579813e-02 3.33881625681290e-03 3.02595947439641e-04
4.68875246175348e+00 1.32881019063382e-02 3.34197818520822e-03 3.91247780597052e-04
4.71249298054717e+00 1.29234856048402e-02 3.15708251108899e-03 2.81609583598176e-04
4.73623349934086e+00 1.24789089579884e-02 3.20692507961194e-03 2.28080828539306e-04
4.75997401813455e+00 1.20317422102367e-02 3.02340650756834e-03 4.55071007540148e-04
4.78371453692824e+00 1.16667369329341e-02 2.92358100675430e-03 3.04306794504050e-04
4.80745505572192e+00 1.12258027431753e-02 2.91538892490066e-03 5.32458697720209e-04
4.83119557451561e+00 1.08205828803842e-02 2.86276268002908e-03 4.08288121847493e-04
4.85493609330930e+00 1.04530369553412e-02 2.75440866160372e-03 5.58120087460541e-04
4.87867661210299e+00 1.00938304209340e-02 2.65673776697768e-03 4.66374277116112e-04
4.90241713089668e+00 9.80383828733029e-03 2.57305285870824e-03 4.17295890662279e-04
4.92615764969037e+00 9.44381739040538e-03 2.56187657774593e-03 4.01234416471250e-04
4.94989816848406e+00 9.01849511049342e-03 2.46498969478831e-03 3.03526235151280e-04
4.97363868727775e+00 8.76348919459461e-03 2.39543933902207e-03 3.45295300320632e-04
4.99737920607143e+00 8.47287766750074e-03 2.34333958578785e-03 3.47915592097982e-04
5.02111972486512e+00 8.17009353915482e-03 2.22016702495746e-03 3.13396125797497e-04
5.04486024365881e+00 7.85340471461314e-03 2.23306855118125e-03 3.53090891380411e-04
5.06860076245250e+00 7.59319192600779e-03 2.12571579167627e-03 4.11124857108824e-04
5.09234128124619e+00 7.28794344039907e-03 2.08533692333727e-03 3.35165256267107e-04
5.11608180003988e+00 7.00656421124316e-03 2.01950550129499e-03 2.81017679261167e-04
5.13982231883356e+00 6.75420978933181e-03 2.01108663523815e-03 3.47898566639901e-04
5.16356283762725e+00 6.48946012332990e-03 1.86746075914833e-03 3.46381653901329e-04
5.18730335642094e+00 6.25160547593514e-03 1.80779747908132e-03 3.47594011502294e-04
5.21104387521463e+00 6.00367490110672e-03 1.79076152997616e-03 2.90966579267057e-04
5.23478439400832e+00 5.77868859519659e-03 1.79725672047816e-03 3.18485755339629e-04
5.25852491280201e+00 5.55321920458708e-03 1.67328408538495e-03 3.39937803445708e-04
5.28226543159570e+00 5.34437244752904e-03 1.68436531070089e-03 2.65425597913867e-04
5.30600595038938e+00 5.12545605149076e-03 1.58484631074667e-03 1.89156173488691e-04
5.32974646918307e+00 4.88741098625416e-03 1.48443294331999e-03 1.97992146441505e-04
5.35348698797676e+00 4.73680350179658e-03 1.46930055494957e-03 1.75129071153113e-04
5.37722750677045e+00 4.51561672629494e-03 1.41978256036391e-03 1.91175196359962e-04
5.40096802556414e+00 4.32436658319195e-03 1.32975450586509e-03 2.25264009380101e-04
5.42470854435783e+00 4.09925149956125e-03 1.32249014119601e-03 2.07934964865644e-04
5.44844906315152e+00 3.97427330277452e-03 1.31159681208602e-03 2.20540286532924e-04
5.47218958194520e+00 3.77998977874813e-03 1.18172294351532e-03 1.81582185611813e-04
5.49593010073889e+00 3.60764770518859e-03 1.13590412176278e-03 2.08195304289520e-04
5.51967061953258e+00 3.45542912009728e-03 1.14166680073599e-03 2.42386426682483e-04
5.54341113832627e+00 3.27382282634277e-03 1.11294470522664e-03 2.63388635979803e-04
5.56715165711996e+00 3.12413109293150e-03 1.01414943920759e-03 1.80700318467370e-04
5.59089217591365e+00 3.03215762712888e-03 9.89080423571827e-04 1.80314654502951e-04
5.61463269470733e+00 2.85579023000143e-03 1.00777935383547e-03 2.26492970244629e-04
5.63837321350102e+00 2.75332662015756e-03 9.44946521248595e-04 1.67172138539191e-04
5.66211373229471e+00 2.62451590274084e-03 9.52823721377142e-04 1.94908646476123e-04
5.68585425108840e+00 2.49537237951682e-03 8.81322161483822e-04 1.48834532653116e-04
5.70959476988209e+00 2.40009615586006e-03 7.94196542480288e-04 1.29182337359702e-04
5.73333528867578e+00 2.25930993398183e-03 8.05737664225874e-04 1.73817682906840e-04
5.75707580746947e+00 2.12713233850700e-03 7.45195628814603e-04 1.94264490841520e-04
5.78081632626315e+00 2.03516090731337e-03 7.44462782605850e-04 1.84686895778918e-04
5.80455684505684e+00 1.91938883240586e-03 6.89916955062265e-04 1.29480243219118e-04
5.82829736385053e+00 1.84044795926859e-03 6.64012964902592e-04 1.73388064834682e-04
5.85203788264422e+00 1.73560019209784e-03 6.49883656974206e-04 1.41148953860743e-04
5.87577840143791e+00 1.64682394187539e-03 6.15211254870023e-04 1.87146972713400e-04
5.89951892023160e+00 1.55425012848836e-03 5.88748977481845e-04 1.92916744747617e-04
5.92325943902529e+00 1.47515067510057e-03 5.67155020674650e-04 8.76632043744824e-05
5.94699995781897e+00 1.40685266830616e-03 5.65479461073164e-04 1.08000844632641e-04
5.97074047661266e+00 1.33452262885812e-03 5.21629176568535e-04 1.47820791748227e-04
5.99448099540635e+00 1.24585361608723e-03 5.04305761297397e-04 1.38641187169119e-04
6.01822151420004e+00 1.19228217528263e-03 4.63216306119717e-04 1.43380245100177e-04
6.04196203299373e+00 1.11704801493934e-03 4.32007109311263e-04 1.22946743012118e-04
6.06570255178742e+00 1.08549894573877e-03 4.21784754218614e-04 1.21096073145046e-04
6.08944307058111e+00 1.02118891588302e-03 4.27724923362358e-04 1.09258337559361e-04
6.11318358937479e+00 9.56053989774141e-04 3.86298058359433e-04 8.46127941280760e-05
6.13692410816848e+00 9.02511065843961e-04 3.72253082126531e-04 1.08487067319901e-04
6.16066462696217e+00 8.48103404602689e-04 3.54112588028506e-04 5.30711793228114e-05
6.18440514575586e+00 8.10846660822102e-04 3.26266267211681e-04 9.17168018777280e-05
6.20814566454955e+00 7.62126792840155e-04 3.46067778381499e-04 8.71468657200694e-05
6.23188618334324e+00 7.16801694148735e-04 2.92322800127888e-04 6.56150281496942e-05
6.25562670213692e+00 6.74346220765907e-04 2.91787790809528e-04 5.03981170047137e-05
6.27936722093061e+00 6.31773821862817e-04 2.60570980382143e-04 6.74121999366078e-05
6.30310773972430e+00 6.05471456552315e-04 2.53103399678080e-04 5.57117631325455e-05
6.32684825851799e+00 5.69836112954636e-04 2.59514351708176e-04 4.83641702169861e-05
6.35058877731168e+00 5.27315761510129e-04 2.21947337742968e-04 5.51751475834715e-05
6.37432929610537e+00 4.88237145897984e-04 2.02970731565349e-04 6.23380231318142e-05
6.39806981489906e+00 4.73785816015264e-04 2.06057694758639e-04 6.25795290532162e-05
6.42181033369274e+00 4.22487756172936e-04 1.90736183881258e-04 6.22216141752465e-05
6.44555085248643e+00 3.98812252805652e-04 1.99682656879047e-04 7.16667996453852e-05
6.46929137128012e+00 3.82346525598703e-04 1.72112245132774e-04 5.61170536625543e-05
6.49303189007381e+00 3.49686862617660e-04 1.56747439237661e-04 5.17376756500549e-05
6.51677240886750e+00 3.34528524956700e-04 1.55676220775312e-04 4.90903284414510e-05
6.54051292766119e+00 3.03998636773696e-04 1.47391847626861e-04 3.11726252472793e-05
6.56425344645488e+00 2.70894979810977e-04 1.33801184990756e-04 4.99074265890602e-05
6.58799396524856e+00 2.59848389858397e-04 1.16784072140991e-04 4.78402220649740e-05
6.61173448404225e+00 2.52501021749822e-04 1.14143130567305e-04 4.44808071549976e-05
6.63547500283594e+00 2.26484265736834e-04 1.10848104239979e-04 4.29471402128018e-05
6.65921552162963e+00 2.17809627100166e-04 1.13497152427739e-04 3.40654147961465e-05
6.68295604042332e+00 2.05744713431034e-04 1.17984925106502e-04 3.29410973549386e-05
6.70669655921701e+00 1.75722639916452e-04 9.12922760378044e-05 3.51895836802268e-05
6.73043707801070e+00 1.75791310248352e-04 8.94132623715171e-05 2.37469813068249e-05
6.75417759680438e+00 1.59868074411475e-04 7.97092818189337e-05 7.05477984198284e-06
6.77791811559807e+00 1.46859653509924e-04 7.94918998561427e-05 2.33347207298044e-05
6.80165863439176e+00 1.37665884377161e-04 7.24013797390373e-05 1.71794856127465e-05
6.82539915318545e+00 1.21141487305583e-04 5.70837606464090e-05 1.97391830561982e-05
6.84913967197914e+00 1.14010260981894e-04 6.27566128331868e-05 1.38299006981477e-05
6.87288019077283e+00 1.05136600347940e-04 5.73264945575214e-05 2.39180677672852e-05
6.89662070956652e+00 9.67750536349271e-05 4.67022507453238e-05 9.53496266018295e-06
6.92036122836020e+00 8.97235292445471e-05 4.60103965968974e-05 9.31923764578744e-06
6.94410174715389e+00 8.22168635419621e-05 4.18075148880715e-05 9.33494424789825e-06
6.96784226594758e+00 7.17572540410201e-05 4.48512093864398e-05 2.30620580250219e-05
6.99158278474127e+00 7.05732707643408e-05 4.20157887841698e-05 1.81185322885796e-05
7.01532330353496e+00 6.31380163223194e-05 4.04560417936313e-05 1.11903784445525e-05
7.03906382232865e+00 5.67336010876878e-05 3.36718156306254e-05 6.97484585312364e-06
7.06280434112233e+00 5.19887682018191e-05 2.82324371710610e-05 1.21590316655425e-05
7.08654485991602e+00 4.61523478747492e-05 2.56818036345319e-05 1.23697259046201e-05
7.11028537870971e+00 4.70757252630521e-05 2.65709294941119e-05 6.23895534744624e-06
7.13402589750340e+00 4.16352194050224e-05 1.98902798157630e-05 5.50468067467008e-06
7.15776641629709e+00 3.99916411959606e-05 2.26976180898019e-05 1.76750458293644e-06
7.18150693509078e+00 3.31140502107506e-05 1.90007581778902e-05 1.05663161735772e-05
7.20524745388447e+00 3.18563386218705e-05 2.03660868292924e-05 1.09744301913462e-05
7.22898797267815e+00 2.89317051484862e-05 1.67448771458675e-05 1.82854643333773e-06
7.25272849147184e+00 2.71637691006964e-05 1.89291324562357e-05 1.15974695489248e-05
7.27646901026553e+00 2.47770517249956e-05 1.50223889240205e-05 1.07451202384189e-05
7.30020952905922e+00 2.39572121933387e-05 1.47827951855035e-05 4.74046190686370e-06
7.32395004785291e+00 2.02346146017042e-05 1.01422114419003e-05 4.70159052814675e-06
7.34769056664660e+00 1.78709106135384e-05 1.13534672123923e-05 7.17400511716521e-06
7.37143108544029e+00 1.58768918839947e-05 7.04065166477861e-06 1.55795233877961e-06
7.39517160423397e+00 1.70389500023022e-05 8.49469107387504e-06 8.41445310931875e-06
7.41891212302766e+00 1.52073982486535e-05 9.89460345710698e-06 3.35743267978494e-06
7.44265264182135e+00 1.56978068441887e-05 1.14660898647487e-05 3.67889683742875e-06
7.46639316061504e+00 1.40798540215774e-05 1.05938054930233e-05 4.13957985500085e-06
7.49013367940873e+00 1.18001103427121e-05 9.08711106043984e-06 3.37893594422183e-07
7.51387419820242e+00 1.01935189217014e-05 6.53102342973334e-06 4.65280353876838e-06
7.53761471699610e+00 9.51259470627131e-06 5.38228745638706e-06 -5.00485224707367e-07
7.56135523578979e+00 9.49764953646621e-06 6.37874397900730e-06 3.38269511393947e-06
7.58509575458348e+00 7.85132949659352e-06 2.85095029512669e-06 1.87524416586820e-06
7.60883627337717e+00 8.14448972824919e-06 3.32906017642185e-06 6.71105953607733e-07
7.63257679217086e+00 7.92851813516300e-06 4.17771917122050e-06 1.74122455968388e-06
7.65631731096455e+00 8.06845124442612e-06 2.73718402593928e-06 2.96401407035806e-07
7.68005782975824e+00 8.35996994088923e-06 4.61166341830144e-06 -1.13680391250746e-06
7.70379834855193e+00 7.89178349060404e-06 3.35097268216418e-06 -2.40456572356020e-06
7.72753886734561e+00 7.42505632506296e-06 2.12447529953842e-06 1.74306985524896e-06
7.75127938613930e+00 6.95977833466577e-06 1.59167104523226e-06 -1.21614561421833e-06
7.77501990493299e+00 6.49593951301974e-06 3.32652530410918e-06 -1.70087867388580e-06
7.79876042372668e+00 5.07822104593148e-06 2.12078577938010e-06 -5.42062387090962e-07
7.82250094252037e+00 4.06644800463646e-06 2.68988005047434e-06 -5.46711342845558e-08
7.84624146131406e+00 3.35851262325813e-06 2.28880128922338e-06 1.43909759553907e-06
7.86998198010774e+00 2.95303204289220e-06 1.78683464290257e-06 8.12684428482044e-07
7.89372249890143e+00 3.04854018660475e-06 2.50979816674247e-06 7.38196509776047e-07
7.91746301769512e+00 2.69465863006652e-06 1.09582784289372e-06 1.02007799473741e-06
7.94120353648881e+00 2.34184264940467e-06 1.37819931239432e-06 -1.63779506140279e-07
7.96494405528250e+00 2.48760634723719e-06 1.79704682524415e-06 1.04976987853410e-07
7.98868457407619e+00 1.98712584183630e-06 8.94206628826335e-07 -7.73389377642687e-07
8.01242509286988e+00 1.63694830843854e-06 1.49111109550492e-06 7.26953862429295e-07
8.03616561166356e+00 1.48593506881053e-06 8.67786080185352e-07 3.63459717831057e-07
8.05990613045725e+00 1.23645419836846e-06 1.33240304416186e-06 4.93740890492495e-07
8.08364664925094e+00 1.03709526345867e-06 1.51119595532549e-07 -2.70089237897879e-07
8.10738716804463e+00 1.03557570914295e-06 7.48573298323331e-07 6.23860395065116e-07
8.13112768683832e+00 1.32950933315584e-06 7.35661831012899e-07 1.19212670206307e-07
8.15486820563201e+00 1.13089524884512e-06 6.57886018675987e-07 -5.42780550087012e-07
8.17860872442570e+00 2.94587660503614e-07 1.47293830251807e-07 6.77551619158314e-09
8.20234924321938e+00 4.41241546189715e-07 5.44197906967315e-07 5.60818005207128e-07
8.22608976201307e+00 5.87472498599270e-07 7.69588973165043e-07 7.25528535770098e-07
8.24983028080676e+00 3.42198853169803e-07 4.42903087102631e-07 -6.01781126074324e-08
8.27357079960045e+00 1.46446088936388e-07 1.84522072059850e-07 -1.50107241159798e-07
8.29731131839414e+00 9.74909539088890e-08 -9.35913157525335e-08 7.71153445419313e-08
8.32105183718783e+00 1.46027670684289e-07 1.72312651407461e-07 -7.60804164265146e-08
8.34479235598151e+00 3.88852805356115e-07 5.13285703070072e-07 -1.90537874624496e-07
8.36853287477520e+00 1.94150424678509e-07 3.26172713459896e-07 2.23467138804964e-07
8.39227339356889e+00 1.93875618561044e-07 6.39789541251444e-08 1.73130927375012e-07
8.41601391236258e+00 4.84004940138720e-08 -5.51765631758140e-08 -6.85835000176566e-08
8.43975443115627e+00 1.44997116729862e-07 2.89994233459724e-09 3.69742647661148e-08
8.46349494994996e+00 9.65290746028924e-08 -4.63339558093884e-08 1.31955244982154e-07
8.48723546874365e+00 4.81969871811475e-08 2.60263730778196e-08 -1.08780600067850e-07
8.51097598753733e+00 4.81297198947995e-08 1.35725810103335e-07 1.98631354005837e-07
8.53471650633102e+00 0.00000000000000e+00 0.00000000000000e+00 0.00000000000000e+00
8.55845702512471e+00 0.00000000000000e+00 0.00000000000000e+00 0.00000000000000e+00
8.58219754391840e+00 0.00000000000000e+00 0.00000000000000e+00 0.00000000000000e+00
8.60593806271209e+00 0.00000000000000e+00 0.00000000000000e+00 0.00000000000000e+00
8.62967858150578e+00 0.00000000000000e+00 0.00000000000000e+00 0.00000000000000e+00
8.65341910029947e+00 0.00000000000000e+00 0.00000000000000e+00 0.00000000000000e+00
8.67715961909315e+00 0.00000000000000e+00 0.00000000000000e+00 0.00000000000000e+00
8.70090013788684e+00 0.00000000000000e+00 0.00000000000000e+00 0.00000000000000e+00
8.72464065668053e+00 0.00000000000000e+00 0.00000000000000e+00 0.00000000000000e+00
8.74838117547422e+00 0.00000000000000e+00 0.00000000000000e+00 0.00000000000000e+00
8.77212169426791e+00 0.00000000000000e+00 0.00000000000000e+00 0.00000000000000e+00
8.79586221306160e+00 0.00000000000000e+00 0.00000000000000e+00 0.00000000000000e+00
8.81960273185529e+00 0.00000000000000e+00 0.00000000000000e+00 0.00000000000000e+00
8.84334325064897e+00 0.00000000000000e+00 0.00000000000000e+00 0.00000000000000e+00
8.86708376944266e+00 0.00000000000000e+00 0.00000000000000e+00 0.00000000000000e+00
8.89082428823635e+00 0.00000000000000e+00 0.00000000000000e+00 0.00000000000000e+00
8.91456480703004e+00 0.00000000000000e+00 0.00000000000000e+00 0.00000000000000e+00
8.93830532582373e+00 0.00000000000000e+00 0.00000000000000e+00 0.00000000000000e+00
8.96204584461742e+00 0.00000000000000e+00 0.00000000000000e+00 0.00000000000000e+00
8.98578636341110e+00 0.00000000000000e+00 0.00000000000000e+00 0.00000000000000e+00
9.00952688220479e+00 0.00000000000000e+00 0.00000000000000e+00 0.00000000000000e+00
9.03326740099848e+00 0.00000000000000e+00 0.00000000000000e+00 0.00000000000000e+00
9.05700791979217e+00 0.00000000000000e+00 0.00000000000000e+00 0.00000000000000e+00
9.08074843858586e+00 0.00000000000000e+00 0.00000000000000e+00 0.00000000000000e+00
9.10448895737955e+00 0.00000000000000e+00 0.00000000000000e+00 0.00000000000000e+00
9.12822947617324e+00 0.00000000000000e+00 0.00000000000000e+00 0.00000000000000e+00
9.15196999496692e+00 0.00000000000000e+00 0.00000000000000e+00 0.00000000000000e+00
9.17571051376061e+00 0.00000000000000e+00 0.00000000000000e+00 0.00000000000000e+00
9.19945103255430e+00 0.00000000000000e+00 0.00000000000000e+00 0.00000000000000e+00
9.22319155134799e+00 0.00000000000000e+00 0.00000000000000e+00 0.00000000000000e+00
9.24693207014168e+00 0.00000000000000e+00 0.00000000000000e+00 0.00000000000000e+00
9.27067258893537e+00 0.00000000000000e+00 0.00000000000000e+00 0.00000000000000e+00
9.29441310772906e+00 0.00000000000000e+00 0.00000000000000e+00 0.00000000000000e+00
9.31815362652274e+00 0.00000000000000e+00 0.00000000000000e+00 0.00000000000000e+00
9.34189414531643e+00 0.00000000000000e+00 0.00000000000000e+00 0.00000000000000e+00
9.36563466411012e+00 0.00000000000000e+00 0.00000000000000e+00 0.00000000000000e+00
9.38937518290381e+00 0.00000000000000e+00 0.00000000000000e+00 0.00000000000000e+00
9.41311570169750e+00 0.00000000000000e+00 0.00000000000000e+00 0.00000000000000e+00
9.43685622049119e+00 0.00000000000000e+00 0.00000000000000e+00 0.00000000000000e+00
9.46059673928488e+00 0.00000000000000e+00 0.00000000000000e+00 0.00000000000000e+00
9.48433725807856e+00 0.00000000000000e+00 0.00000000000000e+00 0.00000000000000e+00
9.50807777687225e+00 0.00000000000000e+00 0.00000000000000e+00 0.00000000000000e+00
9.53181829566594e+00 0.00000000000000e+00 0.00000000000000e+00 0.00000000000000e+00
9.55555881445963e+00 0.00000000000000e+00 0.00000000000000e+00 0.00000000000000e+00
9.57929933325332e+00 0.00000000000000e+00 0.00000000000000e+00 0.00000000000000e+00
9.60303985204701e+00 0.00000000000000e+00 0.00000000000000e+00 0.00000000000000e+00
9.62678037084070e+00 0.00000000000000e+00 0.00000000000000e+00 0.00000000000000e+00
9.65052088963438e+00 0.00000000000000e+00 0.00000000000000e+00 0.00000000000000e+00
9.67426140842807e+00 0.00000000000000e+00 0.00000000000000e+00 0.00000000000000e+00
9.69800192722176e+00 0.00000000000000e+00 0.00000000000000e+00 0.00000000000000e+00
9.72174244601545e+00 0.00000000000000e+00 0.00000000000000e+00 0.00000000000000e+00
9.74548296480914e+00 0.00000000000000e+00 0.00000000000000e+00 0.00000000000000e+00
9.76922348360283e+00 0.00000000000000e+00 0.00000000000000e+00 0.00000000000000e+00
9.79296400239651e+00 0.00000000000000e+00 0.00000000000000e+00 0.00000000000000e+00
9.81670452119020e+00 0.00000000000000e+00 0.00000000000000e+00 0.00000000000000e+00
9.84044503998389e+00 0.00000000000000e+00 0.00000000000000e+00 0.00000000000000e+00
9.86418555877758e+00 0.00000000000000e+00 0.00000000000000e+00 0.00000000000000e+00
9.88792607757127e+00 0.00000000000000e+00 0.00000000000000e+00 0.00000000000000e+00
9.91166659636496e+00 0.00000000000000e+00 0.00000000000000e+00 0.00000000000000e+00
9.93540711515864e+00 0.00000000000000e+00 0.00000000000000e+00 0.00000000000000e+00
9.95914763395233e+00 0.00000000000000e+00 0.00000000000000e+00 0.00000000000000e+00
9.98288815274602e+00 0.00000000000000e+00 0.00000000000000e+00 0.00000000000000e+00
1.00066286715397e+01 0.00000000000000e+00 0.00000000000000e+00 0.00000000000000e+00
1.00303691903334e+01 0.00000000000000e+00 0.00000000000000e+00 0.00000000000000e+00
1.00541097091271e+01 0.00000000000000e+00 0.00000000000000e+00 0.00000000000000e+00
1.00778502279208e+01 0.00000000000000e+00 0.00000000000000e+00 0.00000000000000e+00
1.01015907467145e+01 0.00000000000000e+00 0.00000000000000e+00 0.00000000000000e+00
1.01253312655082e+01 0.00000000000000e+00 0.00000000000000e+00 0.00000000000000e+00
1.01490717843018e+01 0.00000000000000e+00 0.00000000000000e+00 0.00000000000000e+00
1.01728123030955e+01 0.00000000000000e+00 0.00000000000000e+00 0.00000000000000e+00
1.01965528218892e+01 0.00000000000000e+00 0.00000000000000e+00 0.00000000000000e+00
1.02202933406829e+01 0.00000000000000e+00 0.00000000000000e+00 0.00000000000000e+00
1.02440338594766e+01 0.00000000000000e+00 0.00000000000000e+00 0.00000000000000e+00
1.02677743782703e+01 0.00000000000000e+00 0.00000000000000e+00 0.00000000000000e+00
1.02915148970640e+01 0.00000000000000e+00 0.00000000000000e+00 0.00000000000000e+00
1.03152554158577e+01 0.00000000000000e+00 0.00000000000000e+00 0.00000000000000e+00
1.03389959346514e+01 0.00000000000000e+00 0.00000000000000e+00 0.00000000000000e+00
1.03627364534450e+01 0.00000000000000e+00 0.00000000000000e+00 0.00000000000000e+00
1.03864769722387e+01 0.00000000000000e+00 0.00000000000000e+00 0.00000000000000e+00
1.04102174910324e+01 0.00000000000000e+00 0.00000000000000e+00 0.00000000000000e+00
1.04339580098261e+01 0.00000000000000e+00 0.00000000000000e+00 0.00000000000000e+00
1.04576985286198e+01 0.00000000000000e+00 0.00000000000000e+00 0.00000000000000e+00
1.04814390474135e+01 0.00000000000000e+00 0.00000000000000e+00 0.00000000000000e+00
1.05051795662072e+01 0.00000000000000e+00 0.00000000000000e+00 0.00000000000000e+00
1.05289200850009e+01 0.00000000000000e+00 0.00000000000000e+00 0.00000000000000e+00
1.05526606037945e+01 0.00000000000000e+00 0.00000000000000e+00 0.00000000000000e+00
1.05764011225882e+01 0.00000000000000e+00 0.00000000000000e+00 0.00000000000000e+00
1.06001416413819e+01 0.00000000000000e+00 0.00000000000000e+00 0.00000000000000e+00
1.06238821601756e+01 0.00000000000000e+00 0.00000000000000e+00 0.00000000000000e+00
1.06476226789693e+01 0.00000000000000e+00 0.00000000000000e+00 0.00000000000000e+00
1.06713631977630e+01 0.00000000000000e+00 0.00000000000000e+00 0.00000000000000e+00
1.06951037165567e+01 0.00000000000000e+00 0.00000000000000e+00 0.00000000000000e+00
1.07188442353504e+01 0.00000000000000e+00 0.00000000000000e+00 0.00000000000000e+00
1.07425847541441e+01 0.00000000000000e+00 0.00000000000000e+00 0.00000000000000e+00
1.07663252729377e+01 0.00000000000000e+00 0.00000000000000e+00 0.00000000000000e+00
1.07900657917314e+01 0.00000000000000e+00 0.00000000000000e+00 0.00000000000000e+00
1.08138063105251e+01 0.00000000000000e+00 0.00000000000000e+00 0.00000000000000e+00
1.08375468293188e+01 0.00000000000000e+00 0.00000000000000e+00 0.00000000000000e+00
1.08612873481125e+01 0.00000000000000e+00 0.00000000000000e+00 0.00000000000000e+00
1.08850278669062e+01 0.00000000000000e+00 0.00000000000000e+00 0.00000000000000e+00
1.09087683856999e+01 0.00000000000000e+00 0.00000000000000e+00 0.00000000000000e+00
1.09325089044936e+01 0.00000000000000e+00 0.00000000000000e+00 0.00000000000000e+00
1.09562494232873e+01 0.00000000000000e+00 0.00000000000000e+00 0.00000000000000e+00
1.09799899420809e+01 0.00000000000000e+00 0.00000000000000e+00 0.00000000000000e+00
1.10037304608746e+01 0.00000000000000e+00 0.00000000000000e+00 0.00000000000000e+00
1.10274709796683e+01 0.00000000000000e+00 0.00000000000000e+00 0.00000000000000e+00
1.10512114984620e+01 0.00000000000000e+00 0.00000000000000e+00 0.00000000000000e+00
1.10749520172557e+01 0.00000000000000e+00 0.00000000000000e+00 0.00000000000000e+00
1.10986925360494e+01 0.00000000000000e+00 0.00000000000000e+00 0.00000000000000e+00
1.11224330548431e+01 0.00000000000000e+00 0.00000000000000e+00 0.00000000000000e+00
1.11461735736368e+01 0.00000000000000e+00 0.00000000000000e+00 0.00000000000000e+00
1.11699140924304e+01 0.00000000000000e+00 0.00000000000000e+00 0.00000000000000e+00
1.11936546112241e+01 0.00000000000000e+00 0.00000000000000e+00 0.00000000000000e+00
1.12173951300178e+01 0.00000000000000e+00 0.00000000000000e+00 0.00000000000000e+00
1.12411356488115e+01 0.00000000000000e+00 0.00000000000000e+00 0.00000000000000e+00
1.12648761676052e+01 0.00000000000000e+00 0.00000000000000e+00 0.00000000000000e+00
1.12886166863989e+01 0.00000000000000e+00 0.00000000000000e+00 0.00000000000000e+00
1.13123572051926e+01 0.00000000000000e+00 0.00000000000000e+00 0.00000000000000e+00
1.13360977239863e+01 0.00000000000000e+00 0.00000000000000e+00 0.00000000000000e+00
1.13598382427800e+01 0.00000000000000e+00 0.00000000000000e+00 0.00000000000000e+00
1.13835787615736e+01 0.00000000000000e+00 0.00000000000000e+00 0.00000000000000e+00
1.14073192803673e+01 0.00000000000000e+00 0.00000000000000e+00 0.00000000000000e+00
1.14310597991610e+01 0.00000000000000e+00 0.00000000000000e+00 0.00000000000000e+00
1.14548003179547e+01 0.00000000000000e+00 0.00000000000000e+00 0.00000000000000e+00
1.14785408367484e+01 0.00000000000000e+00 0.00000000000000e+00 0.00000000000000e+00
1.15022813555421e+01 0.00000000000000e+00 0.00000000000000e+00 0.00000000000000e+00
1.15260218743358e+01 0.00000000000000e+00 0.00000000000000e+00 0.00000000000000e+00
1.15497623931295e+01 0.00000000000000e+00 0.00000000000000e+00 0.00000000000000e+00
1.15735029119232e+01 0.00000000000000e+00 0.00000000000000e+00 0.00000000000000e+00
1.15972434307168e+01 0.00000000000000e+00 0.00000000000000e+00 0.00000000000000e+00
1.16209839495105e+01 0.00000000000000e+00 0.00000000000000e+00 0.00000000000000e+00
1.16447244683042e+01 0.00000000000000e+00 0.00000000000000e+00 0.00000000000000e+00
1.16684649870979e+01 0.00000000000000e+00 0.00000000000000e+00 0.00000000000000e+00
1.16922055058916e+01 0.00000000000000e+00 0.00000000000000e+00 0.00000000000000e+00
1.17159460246853e+01 0.00000000000000e+00 0.00000000000000e+00 0.00000000000000e+00
1.17396865434790e+01 0.00000000000000e+00 0.00000000000000e+00 0.00000000000000e+00
1.17634270622727e+01 0.00000000000000e+00 0.00000000000000e+00 0.00000000000000e+00
1.17871675810664e+01 0.00000000000000e+00 0.00000000000000e+00 0.00000000000000e+00
1.18109080998600e+01 0.00000000000000e+00 0.00000000000000e+00 0.00000000000000e+00
1.18346486186537e+01 0.00000000000000e+00 0.00000000000000e+00 0.00000000000000e+00
1.18583891374474e+01 0.00000000000000e+00 0.00000000000000e+00 0.00000000000000e+00
