#Energy(eV)          EEDF(eV^-(3/2))     
3.4758059236e-02     1.1774036508e-01  
1.0427417771e-01     1.2521982577e-01  
1.7379029618e-01     1.2652966801e-01  
2.4330641465e-01     1.2771619487e-01  
3.1282253312e-01     1.2818675917e-01  
3.8233865160e-01     1.2829708125e-01  
4.5185477007e-01     1.2800353561e-01  
5.2137088854e-01     1.2798314179e-01  
5.9088700701e-01     1.2740987608e-01  
6.6040312549e-01     1.2691851505e-01  
7.2991924396e-01     1.2628912194e-01  
7.9943536243e-01     1.2560882871e-01  
8.6895148090e-01     1.2508352553e-01  
9.3846759937e-01     1.2416450310e-01  
1.0079837178e+00     1.2323669494e-01  
1.0774998363e+00     1.2231651500e-01  
1.1470159548e+00     1.2094965637e-01  
1.2165320733e+00     1.1969055116e-01  
1.2860481917e+00     1.1839577003e-01  
1.3555643102e+00     1.1705592920e-01  
1.4250804287e+00     1.1557139964e-01  
1.4945965472e+00     1.1402674755e-01  
1.5641126656e+00     1.1252060936e-01  
1.6336287841e+00     1.1112133533e-01  
1.7031449026e+00     1.0949906569e-01  
1.7726610210e+00     1.0805414906e-01  
1.8421771395e+00     1.0652121208e-01  
1.9116932580e+00     1.0507291380e-01  
1.9812093765e+00     1.0362174510e-01  
2.0507254949e+00     1.0206651714e-01  
2.1202416134e+00     1.0061122363e-01  
2.1897577319e+00     9.9286891499e-02  
2.2592738503e+00     9.7898939177e-02  
2.3287899688e+00     9.6365573796e-02  
2.3983060873e+00     9.4962788818e-02  
2.4678222058e+00     9.3670613993e-02  
2.5373383242e+00     9.2242385031e-02  
2.6068544427e+00     9.0884813721e-02  
2.6763705612e+00     8.9544776244e-02  
2.7458866796e+00     8.8277428745e-02  
2.8154027981e+00     8.7004129251e-02  
2.8849189166e+00     8.5778437375e-02  
2.9544350351e+00     8.4623280851e-02  
3.0239511535e+00     8.3284369461e-02  
3.0934672720e+00     8.2027313800e-02  
3.1629833905e+00     8.0787003917e-02  
3.2324995090e+00     7.9595047425e-02  
3.3020156274e+00     7.8441202985e-02  
3.3715317459e+00     7.7318800974e-02  
3.4410478644e+00     7.6177190117e-02  
3.5105639828e+00     7.5114045290e-02  
3.5800801013e+00     7.3894491786e-02  
3.6495962198e+00     7.2874145046e-02  
3.7191123383e+00     7.1762834507e-02  
3.7886284567e+00     7.0676025396e-02  
3.8581445752e+00     6.9665847571e-02  
3.9276606937e+00     6.8644835558e-02  
3.9971768121e+00     6.7639152002e-02  
4.0666929306e+00     6.6529972287e-02  
4.1362090491e+00     6.5523847312e-02  
4.2057251676e+00     6.4444195949e-02  
4.2752412860e+00     6.3388141687e-02  
4.3447574045e+00     6.2481071779e-02  
4.4142735230e+00     6.1442168200e-02  
4.4837896415e+00     6.0420651659e-02  
4.5533057599e+00     5.9473848782e-02  
4.6228218784e+00     5.8516418544e-02  
4.6923379969e+00     5.7460522185e-02  
4.7618541153e+00     5.6549286493e-02  
4.8313702338e+00     5.5565109520e-02  
4.9008863523e+00     5.4597393676e-02  
4.9704024708e+00     5.3725875306e-02  
5.0399185892e+00     5.2759922967e-02  
5.1094347077e+00     5.1822742456e-02  
5.1789508262e+00     5.0907878843e-02  
5.2484669446e+00     4.9986665476e-02  
5.3179830631e+00     4.9080126199e-02  
5.3874991816e+00     4.8229836572e-02  
5.4570153001e+00     4.7233788429e-02  
5.5265314185e+00     4.6351426920e-02  
5.5960475370e+00     4.5461302260e-02  
5.6655636555e+00     4.4493253907e-02  
5.7350797740e+00     4.3693637139e-02  
5.8045958924e+00     4.2778825223e-02  
5.8741120109e+00     4.1974226552e-02  
5.9436281294e+00     4.1135650868e-02  
6.0131442478e+00     4.0201259459e-02  
6.0826603663e+00     3.9360837588e-02  
6.1521764848e+00     3.8511331580e-02  
6.2216926033e+00     3.7625839495e-02  
6.2912087217e+00     3.6756420607e-02  
6.3607248402e+00     3.5927940872e-02  
6.4302409587e+00     3.5046997935e-02  
6.4997570771e+00     3.4232521079e-02  
6.5692731956e+00     3.3341790182e-02  
6.6387893141e+00     3.2526129507e-02  
6.7083054326e+00     3.1707559193e-02  
6.7778215510e+00     3.0974749946e-02  
6.8473376695e+00     3.0150008928e-02  
6.9168537880e+00     2.9355740677e-02  
6.9863699064e+00     2.8612278331e-02  
7.0558860249e+00     2.7825812028e-02  
7.1254021434e+00     2.7120213054e-02  
7.1949182619e+00     2.6378040128e-02  
7.2644343803e+00     2.5667225324e-02  
7.3339504988e+00     2.4951034021e-02  
7.4034666173e+00     2.4228058467e-02  
7.4729827358e+00     2.3560451976e-02  
7.5424988542e+00     2.2876975886e-02  
7.6120149727e+00     2.2231173564e-02  
7.6815310912e+00     2.1599645118e-02  
7.7510472096e+00     2.0932478927e-02  
7.8205633281e+00     2.0357423870e-02  
7.8900794466e+00     1.9717490285e-02  
7.9595955651e+00     1.9097420474e-02  
8.0291116835e+00     1.8529575470e-02  
8.0986278020e+00     1.7952008665e-02  
8.1681439205e+00     1.7368734732e-02  
8.2376600389e+00     1.6792421216e-02  
8.3071761574e+00     1.6217421909e-02  
8.3766922759e+00     1.5663203599e-02  
8.4462083944e+00     1.5108686340e-02  
8.5157245128e+00     1.4571819224e-02  
8.5852406313e+00     1.4073108180e-02  
8.6547567498e+00     1.3517361848e-02  
8.7242728683e+00     1.2952008449e-02  
8.7937889867e+00     1.2435750634e-02  
8.8633051052e+00     1.1941871602e-02  
8.9328212237e+00     1.1444605612e-02  
9.0023373421e+00     1.0951990359e-02  
9.0718534606e+00     1.0474360134e-02  
9.1413695791e+00     1.0020227243e-02  
9.2108856976e+00     9.6126077152e-03  
9.2804018160e+00     9.1637376462e-03  
9.3499179345e+00     8.8032482768e-03  
9.4194340530e+00     8.4296763491e-03  
9.4889501714e+00     8.0692241776e-03  
9.5584662899e+00     7.7374592938e-03  
9.6279824084e+00     7.4407929027e-03  
9.6974985269e+00     7.1221510482e-03  
9.7670146453e+00     6.8338937900e-03  
9.8365307638e+00     6.5515283384e-03  
9.9060468823e+00     6.2841374098e-03  
9.9755630008e+00     6.0414821764e-03  
1.0045079119e+01     5.7880123613e-03  
1.0114595238e+01     5.5659269551e-03  
1.0184111356e+01     5.3297259346e-03  
1.0253627475e+01     5.1173417476e-03  
1.0323143593e+01     4.9118688286e-03  
1.0392659712e+01     4.7345451603e-03  
1.0462175830e+01     4.5380423272e-03  
1.0531691949e+01     4.3619814439e-03  
1.0601208067e+01     4.1933559714e-03  
1.0670724185e+01     4.0040785370e-03  
1.0740240304e+01     3.8642700135e-03  
1.0809756422e+01     3.6952862699e-03  
1.0879272541e+01     3.5687992953e-03  
1.0948788659e+01     3.4155472631e-03  
1.1018304778e+01     3.2907326291e-03  
1.1087820896e+01     3.1548838419e-03  
1.1157337015e+01     3.0426546133e-03  
1.1226853133e+01     2.9039175260e-03  
1.1296369252e+01     2.7929867739e-03  
1.1365885370e+01     2.6800889313e-03  
1.1435401489e+01     2.5892882088e-03  
1.1504917607e+01     2.4806407685e-03  
1.1574433726e+01     2.3858772051e-03  
1.1643949844e+01     2.2990942273e-03  
1.1713465963e+01     2.1906690436e-03  
1.1782982081e+01     2.0996959766e-03  
1.1852498199e+01     2.0285253838e-03  
1.1922014318e+01     1.9513166848e-03  
1.1991530436e+01     1.8734240754e-03  
1.2061046555e+01     1.8039505334e-03  
1.2130562673e+01     1.7179980120e-03  
1.2200078792e+01     1.6553127427e-03  
1.2269594910e+01     1.5966521791e-03  
1.2339111029e+01     1.5323839573e-03  
1.2408627147e+01     1.4639831011e-03  
1.2478143266e+01     1.4082881538e-03  
1.2547659384e+01     1.3509371023e-03  
1.2617175503e+01     1.2937377504e-03  
1.2686691621e+01     1.2476595934e-03  
1.2756207740e+01     1.1954517910e-03  
1.2825723858e+01     1.1447416421e-03  
1.2895239977e+01     1.0980663040e-03  
1.2964756095e+01     1.0580156732e-03  
1.3034272214e+01     1.0212815147e-03  
1.3103788332e+01     9.7542428477e-04  
1.3173304450e+01     9.3873446341e-04  
1.3242820569e+01     8.9026634768e-04  
1.3312336687e+01     8.5366300674e-04  
1.3381852806e+01     8.2884393683e-04  
1.3451368924e+01     7.9620975679e-04  
1.3520885043e+01     7.6951314363e-04  
1.3590401161e+01     7.3713117980e-04  
1.3659917280e+01     6.9596697893e-04  
1.3729433398e+01     6.7072709412e-04  
1.3798949517e+01     6.5171190940e-04  
1.3868465635e+01     6.2222490258e-04  
1.3937981754e+01     5.9340299925e-04  
1.4007497872e+01     5.7051933445e-04  
1.4077013991e+01     5.4849373686e-04  
1.4146530109e+01     5.2725568347e-04  
1.4216046228e+01     4.9914274048e-04  
1.4285562346e+01     4.8224566471e-04  
1.4355078464e+01     4.6285158775e-04  
1.4424594583e+01     4.4441245803e-04  
1.4494110701e+01     4.2291570305e-04  
1.4563626820e+01     4.0756814059e-04  
1.4633142938e+01     3.9299796173e-04  
1.4702659057e+01     3.7173343722e-04  
1.4772175175e+01     3.5803211210e-04  
1.4841691294e+01     3.4444687850e-04  
1.4911207412e+01     3.3585695439e-04  
1.4980723531e+01     3.2009832231e-04  
1.5050239649e+01     3.0751685166e-04  
1.5119755768e+01     2.9749840327e-04  
1.5189271886e+01     2.8493137830e-04  
1.5258788005e+01     2.7149026970e-04  
1.5328304123e+01     2.5792794481e-04  
1.5397820242e+01     2.4969521489e-04  
1.5467336360e+01     2.3868432496e-04  
1.5536852479e+01     2.3144662472e-04  
1.5606368597e+01     2.1840388392e-04  
1.5675884715e+01     2.1526669974e-04  
1.5745400834e+01     2.0453118010e-04  
1.5814916952e+01     1.9426597724e-04  
1.5884433071e+01     1.8711478087e-04  
1.5953949189e+01     1.7784675496e-04  
1.6023465308e+01     1.7251312230e-04  
1.6092981426e+01     1.6164508366e-04  
1.6162497545e+01     1.5783807800e-04  
1.6232013663e+01     1.5058464546e-04  
1.6301529782e+01     1.4474058966e-04  
1.6371045900e+01     1.3608957540e-04  
1.6440562019e+01     1.3249018710e-04  
1.6510078137e+01     1.2954385215e-04  
1.6579594256e+01     1.2264174794e-04  
1.6649110374e+01     1.1791967887e-04  
1.6718626493e+01     1.1453128399e-04  
1.6788142611e+01     1.0775179796e-04  
1.6857658729e+01     1.0495999956e-04  
1.6927174848e+01     9.9581051293e-05  
1.6996690966e+01     9.4817759568e-05  
1.7066207085e+01     8.9726080244e-05  
1.7135723203e+01     8.7829471256e-05  
1.7205239322e+01     8.6021825151e-05  
1.7274755440e+01     8.0472216838e-05  
1.7344271559e+01     7.6050574115e-05  
1.7413787677e+01     7.4565658757e-05  
1.7483303796e+01     7.0839185097e-05  
1.7552819914e+01     6.7001878170e-05  
1.7622336033e+01     6.5807265272e-05  
1.7691852151e+01     6.2417329002e-05  
1.7761368270e+01     5.8062411058e-05  
1.7830884388e+01     5.6699970286e-05  
1.7900400507e+01     5.3370961114e-05  
1.7969916625e+01     5.3256317172e-05  
1.8039432744e+01     5.0703661670e-05  
1.8108948862e+01     4.8115938507e-05  
1.8178464980e+01     4.6528025650e-05  
1.8247981099e+01     4.5294329506e-05  
1.8317497217e+01     4.2922676207e-05  
1.8387013336e+01     4.0314138253e-05  
1.8456529454e+01     3.9724704496e-05  
1.8526045573e+01     3.7622478608e-05  
1.8595561691e+01     3.5528258437e-05  
1.8665077810e+01     3.4274418605e-05  
1.8734593928e+01     3.1751317537e-05  
1.8804110047e+01     3.3052721956e-05  
1.8873626165e+01     2.9768776089e-05  
1.8943142284e+01     2.8524218010e-05  
1.9012658402e+01     2.7504260734e-05  
1.9082174521e+01     2.6817435364e-05  
1.9151690639e+01     2.3843117522e-05  
1.9221206758e+01     2.4259336799e-05  
1.9290722876e+01     2.3178399840e-05  
1.9360238994e+01     2.2624536950e-05  
1.9429755113e+01     2.2159761040e-05  
1.9499271231e+01     2.0122129353e-05  
1.9568787350e+01     1.9251683438e-05  
1.9638303468e+01     1.9531380020e-05  
1.9707819587e+01     1.8459948330e-05  
1.9777335705e+01     1.7694259639e-05  
1.9846851824e+01     1.7404915277e-05  
1.9916367942e+01     1.5494155034e-05  
1.9985884061e+01     1.5413554189e-05  
2.0055400179e+01     1.4433841549e-05  
2.0124916298e+01     1.4066840243e-05  
2.0194432416e+01     1.2890175072e-05  
2.0263948535e+01     1.2676303592e-05  
2.0333464653e+01     1.1761349123e-05  
2.0402980772e+01     1.2197783644e-05  
2.0472496890e+01     1.1710746458e-05  
2.0542013009e+01     1.0431892963e-05  
2.0611529127e+01     9.6010003239e-06  
2.0681045245e+01     9.8062827985e-06  
2.0750561364e+01     9.4424615552e-06  
2.0820077482e+01     9.1219200559e-06  
2.0889593601e+01     8.5926399353e-06  
2.0959109719e+01     8.3165230235e-06  
2.1028625838e+01     8.2713946752e-06  
2.1098141956e+01     7.6000593117e-06  
2.1167658075e+01     7.6813718469e-06  
2.1237174193e+01     7.2733840263e-06  
2.1306690312e+01     6.9498563544e-06  
2.1376206430e+01     6.9178035334e-06  
2.1445722549e+01     6.4613304925e-06  
2.1515238667e+01     6.1304071159e-06  
2.1584754786e+01     5.5838200372e-06  
2.1654270904e+01     5.6572877479e-06  
2.1723787023e+01     4.9280539377e-06  
2.1793303141e+01     4.9715468801e-06  
2.1862819259e+01     4.9123594585e-06  
2.1932335378e+01     4.5871535951e-06  
2.2001851496e+01     4.5287862053e-06  
2.2071367615e+01     4.0521320715e-06  
2.2140883733e+01     3.9234756457e-06  
2.2210399852e+01     3.8868061536e-06  
2.2279915970e+01     3.1289718034e-06  
2.2349432089e+01     3.5906884388e-06  
2.2418948207e+01     3.3623132666e-06  
2.2488464326e+01     3.3166653314e-06  
2.2557980444e+01     3.0389537809e-06  
2.2627496563e+01     2.5604905076e-06  
2.2697012681e+01     2.5263707160e-06  
2.2766528800e+01     2.6029094605e-06  
2.2836044918e+01     2.5688410246e-06  
2.2905561037e+01     2.6851715342e-06  
2.2975077155e+01     2.4009906000e-06  
2.3044593274e+01     2.1875968958e-06  
2.3114109392e+01     2.2541227609e-06  
2.3183625510e+01     2.2407816996e-06  
2.3253141629e+01     2.1578766855e-06  
2.3322657747e+01     1.8369207336e-06  
2.3392173866e+01     1.7846165689e-06  
2.3461689984e+01     1.7324715442e-06  
2.3531206103e+01     1.6804845919e-06  
2.3600722221e+01     1.4509832380e-06  
2.3670238340e+01     1.5671245572e-06  
2.3739754458e+01     1.3286278892e-06  
2.3809270577e+01     1.4053053497e-06  
2.3878786695e+01     1.1677464096e-06  
2.3948302814e+01     1.3228302125e-06  
2.4017818932e+01     1.2034998363e-06  
2.4087335051e+01     1.2213027739e-06  
2.4156851169e+01     1.1610061143e-06  
2.4226367288e+01     1.1106274677e-06  
2.4295883406e+01     9.4365467151e-07  
2.4365399524e+01     1.1560267942e-06  
2.4434915643e+01     9.3126550881e-07  
2.4504431761e+01     9.8806510332e-07  
2.4573947880e+01     8.3189534118e-07  
2.4643463998e+01     8.2106162782e-07  
2.4712980117e+01     7.7167625057e-07  
2.4782496235e+01     7.6096078071e-07  
2.4852012354e+01     7.0218215298e-07  
2.4921528472e+01     4.7066992660e-07  
2.4991044591e+01     6.6185765059e-07  
2.5060560709e+01     5.7472960116e-07  
2.5130076828e+01     6.0263083364e-07  
2.5199592946e+01     5.7314194729e-07  
2.5269109065e+01     4.7696086544e-07  
2.5338625183e+01     4.2867553390e-07  
2.5408141302e+01     5.0419336814e-07  
2.5477657420e+01     5.6050562084e-07  
2.5547173539e+01     3.8897360772e-07  
2.5616689657e+01     4.6423970748e-07  
2.5686205775e+01     4.7307253264e-07  
2.5755721894e+01     3.4960092084e-07  
2.5825238012e+01     3.3025818154e-07  
2.5894754131e+01     4.3347059619e-07  
2.5964270249e+01     3.5760472093e-07  
2.6033786368e+01     2.2555386878e-07  
2.6103302486e+01     2.5340999682e-07  
2.6172818605e+01     2.9056557094e-07  
2.6242334723e+01     1.7785254041e-07  
2.6311850842e+01     3.2719002310e-07  
2.6381366960e+01     2.4273500335e-07  
2.6450883079e+01     1.7715002598e-07  
2.6520399197e+01     2.8865519144e-07  
2.6589915316e+01     2.4178122754e-07  
2.6659431434e+01     1.7645577109e-07  
2.6728947553e+01     2.1332640464e-07  
2.6798463671e+01     1.5747139694e-07  
2.6867979789e+01     1.5726755038e-07  
2.6937495908e+01     1.5706449342e-07  
2.7007012026e+01     1.2918065256e-07  
2.7076528145e+01     1.7509140187e-07  
2.7146044263e+01     1.7486706943e-07  
2.7215560382e+01     1.8383536531e-07  
2.7285076500e+01     1.4688082462e-07  
2.7354592619e+01     9.1683795041e-08  
2.7424108737e+01     1.0988102254e-07  
2.7493624856e+01     1.3717752569e-07  
2.7563140974e+01     1.1873717349e-07  
2.7632657093e+01     1.2770985716e-07  
2.7702173211e+01     7.2885439025e-08  
2.7771689330e+01     1.1829051170e-07  
2.7841205448e+01     9.9966934571e-08  
2.7910721567e+01     4.5382893242e-08  
2.7980237685e+01     9.0652963835e-08  
2.8049753804e+01     8.1486504775e-08  
2.8119269922e+01     8.1385717470e-08  
2.8188786040e+01     8.1285303222e-08  
2.8258302159e+01     5.4123506489e-08  
2.8327818277e+01     4.5047547072e-08  
2.8397334396e+01     5.3990850636e-08  
2.8466850514e+01     6.2912368688e-08  
2.8536366633e+01     4.4882637866e-08  
2.8605882751e+01     6.2759297004e-08  
2.8675398870e+01     8.9547398527e-08  
2.8744914988e+01     9.8382958496e-08  
2.8814431107e+01     5.3598660088e-08  
2.8883947225e+01     2.6767061122e-08  
2.8953463344e+01     4.4558180808e-08  
2.9022979462e+01     2.6702871435e-08  
2.9092495581e+01     1.7780632854e-08  
2.9162011699e+01     1.7759427560e-08  
2.9231527818e+01     3.5476595909e-08  
2.9301043936e+01     3.5434487175e-08  
2.9370560054e+01     1.7696264014e-08  
2.9440076173e+01     4.4188396980e-08  
2.9509592291e+01     8.8272637420e-09  
2.9579108410e+01     8.8168848275e-09  
2.9648624528e+01     4.4032712185e-08  
2.9718140647e+01     1.7592472714e-08  
2.9787656765e+01     2.6357899125e-08  
2.9857172884e+01     1.7551464563e-08  
2.9926689002e+01     1.7531067735e-08  
2.9996205121e+01     5.2532225558e-08  
3.0065721239e+01     4.3726216263e-08  
3.0135237358e+01     1.7470301286e-08  
3.0204753476e+01     1.7450185792e-08  
3.0274269595e+01     8.7150698105e-09  
3.0343785713e+01     0.0000000000e+00  
3.0413301832e+01     0.0000000000e+00  
3.0482817950e+01     8.6852065480e-09  
3.0552334069e+01     1.7350640280e-08  
3.0621850187e+01     1.7330934833e-08  
3.0691366305e+01     0.0000000000e+00  
3.0760882424e+01     8.6458622617e-09  
3.0830398542e+01     0.0000000000e+00  
3.0899914661e+01     0.0000000000e+00  
3.0969430779e+01     8.6167024408e-09  
3.1038946898e+01     2.5821143608e-08  
3.1108463016e+01     0.0000000000e+00  
3.1177979135e+01     2.5763507055e-08  
3.1247495253e+01     8.5782777123e-09  
3.1317011372e+01     0.0000000000e+00  
3.1386527490e+01     8.5592571175e-09  
3.1456043609e+01     0.0000000000e+00  
3.1525559727e+01     1.7080724974e-08  
3.1595075846e+01     0.0000000000e+00  
3.1664591964e+01     0.0000000000e+00  
3.1734108083e+01     8.5122537027e-09  
3.1803624201e+01     0.0000000000e+00  
3.1873140319e+01     1.6987335948e-08  
3.1942656438e+01     0.0000000000e+00  
3.2012172556e+01     8.4752034563e-09  
3.2081688675e+01     0.0000000000e+00  
3.2151204793e+01     8.4568588386e-09  
3.2220720912e+01     1.6895462175e-08  
3.2290237030e+01     8.4386328285e-09  
3.2359753149e+01     0.0000000000e+00  
3.2429269267e+01     0.0000000000e+00  
3.2498785386e+01     0.0000000000e+00  
3.2568301504e+01     0.0000000000e+00  
3.2637817623e+01     0.0000000000e+00  
3.2707333741e+01     8.3846538130e-09  
3.2776849860e+01     0.0000000000e+00  
3.2846365978e+01     8.3668896960e-09  
3.2915882097e+01     0.0000000000e+00  
3.2985398215e+01     0.0000000000e+00  
3.3054914334e+01     0.0000000000e+00  
3.3124430452e+01     0.0000000000e+00  
3.3193946570e+01     0.0000000000e+00  
3.3263462689e+01     0.0000000000e+00  
3.3332978807e+01     0.0000000000e+00  
3.3402494926e+01     0.0000000000e+00  
3.3472011044e+01     0.0000000000e+00  
3.3541527163e+01     8.2797322182e-09  
3.3611043281e+01     0.0000000000e+00  
3.3680559400e+01     0.0000000000e+00  
3.3750075518e+01     0.0000000000e+00  
3.3819591637e+01     0.0000000000e+00  
3.3889107755e+01     0.0000000000e+00  
3.3958623874e+01     0.0000000000e+00  
3.4028139992e+01     0.0000000000e+00  
3.4097656111e+01     0.0000000000e+00  
3.4167172229e+01     0.0000000000e+00  
3.4236688348e+01     0.0000000000e+00  
3.4306204466e+01     0.0000000000e+00  
3.4375720584e+01     0.0000000000e+00  
3.4445236703e+01     0.0000000000e+00  
3.4514752821e+01     0.0000000000e+00  
3.4584268940e+01     0.0000000000e+00  
3.4653785058e+01     0.0000000000e+00  
3.4723301177e+01     0.0000000000e+00  
