Energy(eV)           EEDF(eV^-(3/2))      First Anisotropy     Second Anisotropy    
8.74335163163113e-03 2.27481811520368e+00 1.36655931425694e-03 -2.72916361438715e-03
2.62300548948934e-02 2.39818369885184e+00 8.07726333811179e-03 -4.77132030602282e-03
4.37167581581557e-02 2.40915075123118e+00 8.57598132146229e-03 -7.32663823256703e-03
6.12034614214179e-02 2.42134736104245e+00 9.67602579680025e-03 -2.31164381776659e-02
7.86901646846802e-02 2.42661522700143e+00 1.70235632298215e-02 -1.72777014288235e-02
9.61768679479424e-02 2.43912404895829e+00 1.41691896315608e-02 -4.75243415593625e-02
1.13663571211205e-01 2.45579754639664e+00 1.52442406809824e-02 -7.66538826399464e-02
1.31150274474467e-01 2.48649759935677e+00 2.52878867428027e-02 -1.32207741467114e-01
1.48636977737729e-01 2.49439879463999e+00 1.42236209999775e-01 -1.45137704802441e-01
1.66123681000991e-01 2.44855719152060e+00 1.72693556611787e-01 -5.08465861026872e-02
1.83610384264254e-01 2.42587720975608e+00 1.57998079103284e-01 -3.89773208828358e-02
2.01097087527516e-01 2.41089564918529e+00 1.70976014952914e-01 -4.08357604742951e-02
2.18583790790778e-01 2.38981932495013e+00 1.66292165181450e-01 -4.27139266880620e-02
2.36070494054041e-01 2.38643306608485e+00 1.58259766300081e-01 -7.81180850090113e-02
2.53557197317303e-01 2.42134523737242e+00 1.82963305374357e-01 -2.01245399371816e-01
2.71043900580565e-01 2.38352785831938e+00 3.83690327794547e-01 -1.89864456793561e-01
2.88530603843827e-01 2.26389229715282e+00 4.12493098381557e-01 -3.95054055907955e-02
3.06017307107090e-01 2.18728245990589e+00 4.03262138014363e-01 -7.74620186834471e-03
3.23504010370352e-01 2.10025729070884e+00 4.08132703156873e-01 4.47153801536615e-02
3.40990713633614e-01 2.03095474244938e+00 3.41159236862486e-01 5.88953038077727e-02
3.58477416896876e-01 1.99577240507591e+00 3.13024050661910e-01 1.65201007321036e-03
3.75964120160139e-01 1.98625301373676e+00 3.45098905301448e-01 -1.11948402809948e-01
3.93450823423401e-01 1.90084699800151e+00 4.93455687864943e-01 -7.62207523580777e-02
4.10937526686663e-01 1.77128503493826e+00 5.00785978724323e-01 1.78839639764743e-02
4.28424229949925e-01 1.65874107956216e+00 5.10762569980071e-01 5.61008024711539e-02
4.45910933213188e-01 1.52262908470011e+00 4.69906071607287e-01 1.51282190301043e-01
4.63397636476450e-01 1.43944020898201e+00 3.30951522988241e-01 1.34331842327429e-01
4.80884339739712e-01 1.40713854236324e+00 3.01112667452532e-01 5.10827199706788e-02
4.98371043002974e-01 1.37988924394460e+00 3.27040174782198e-01 -3.30008436527484e-02
5.15857746266237e-01 1.29763912531723e+00 3.96929069641568e-01 -7.71567976558974e-03
5.33344449529499e-01 1.20028312193035e+00 4.06862471393206e-01 3.17081704829902e-02
5.50831152792761e-01 1.09643800452182e+00 4.07689600340563e-01 7.97826856700982e-02
5.68317856056023e-01 9.78183244892999e-01 3.48820386918863e-01 1.57783101726219e-01
5.85804559319286e-01 9.24847972664586e-01 2.30070448581692e-01 1.10926833385829e-01
6.03291262582548e-01 9.06638043210597e-01 2.18590348036726e-01 3.58132607412149e-02
6.20777965845810e-01 8.67605573913522e-01 2.51506520491532e-01 1.70222786221523e-02
6.38264669109073e-01 8.08800005810489e-01 2.55722597940992e-01 3.42864660914855e-02
6.55751372372335e-01 7.55267036444379e-01 2.56180490812063e-01 4.14691521343795e-02
6.73238075635597e-01 6.96742101706673e-01 2.55327283277222e-01 6.78808117438623e-02
6.90724778898859e-01 6.27145232688330e-01 2.07705923248760e-01 1.14002387697614e-01
7.08211482162122e-01 6.08118532414685e-01 1.37258398319949e-01 6.71362175699750e-02
7.25698185425384e-01 5.98774345414216e-01 1.44388573660167e-01 2.70274526090994e-02
7.43184888688646e-01 5.72529782983826e-01 1.51954662832754e-01 2.85696579437473e-02
7.60671591951908e-01 5.44795952385169e-01 1.49817082626647e-01 2.94761415644920e-02
7.78158295215171e-01 5.14443992421867e-01 1.50450170991713e-01 4.03727954401414e-02
7.95644998478433e-01 4.77453134327026e-01 1.37567648644773e-01 6.57339081631129e-02
8.13131701741695e-01 4.56973711199244e-01 9.03880430990731e-02 5.72207162913516e-02
8.30618405004957e-01 4.53003181071994e-01 8.19960288356859e-02 2.58705052627139e-02
8.48105108268220e-01 4.40842401160134e-01 8.58214352733468e-02 1.43822833286603e-02
8.65591811531482e-01 4.22439075188033e-01 8.87832445016852e-02 1.47721077276309e-02
8.83078514794744e-01 4.01332504684423e-01 8.82050632945278e-02 1.86008961418820e-02
9.00565218058006e-01 3.77858696228987e-01 8.35789634279874e-02 2.81419991228012e-02
9.18051921321269e-01 3.56341100249138e-01 5.94867686842173e-02 3.28649535648635e-02
9.35538624584531e-01 3.49980679359462e-01 4.83884983556886e-02 1.51858613288439e-02
9.53025327847793e-01 3.40839701636316e-01 4.97030601255879e-02 9.36325405062550e-03
9.70512031111056e-01 3.28871258742065e-01 4.97085396112999e-02 8.53983559439003e-03
9.87998734374318e-01 3.16300323942371e-01 4.93156620317576e-02 6.54976562827647e-03
1.00548543763758e+00 3.04081345953090e-01 4.86923066021626e-02 7.09652400429276e-03
1.02297214090084e+00 2.89505078377739e-01 4.60835566450791e-02 1.32298086094737e-02
1.04045884416410e+00 2.79143479003343e-01 3.44726414189621e-02 1.23149464396186e-02
1.05794554742737e+00 2.73121710813248e-01 3.21437008509726e-02 4.44993466106483e-03
1.07543225069063e+00 2.64505084225124e-01 3.06246069274732e-02 4.49078947107004e-03
1.09291895395389e+00 2.56526723914874e-01 3.11315895290686e-02 4.40573761023792e-03
1.11040565721715e+00 2.48253879389242e-01 2.93563213549426e-02 5.10327909989640e-03
1.12789236048042e+00 2.40719167917935e-01 2.96809515850551e-02 5.11500275537395e-03
1.14537906374368e+00 2.32217701690615e-01 2.49145791315061e-02 7.55337974388742e-03
1.16286576700694e+00 2.27484312612556e-01 2.11332959827512e-02 3.69853388872361e-03
1.18035247027020e+00 2.22351122309947e-01 2.19513013223066e-02 2.27419246941598e-03
1.19783917353347e+00 2.16493880112019e-01 2.10081798614728e-02 6.86283441925855e-04
1.21532587679673e+00 2.10908493350191e-01 2.08368128001897e-02 2.36172602423144e-03
1.23281258005999e+00 2.04809575322294e-01 1.96228260037367e-02 3.05351081137745e-03
1.25029928332325e+00 1.99135310594104e-01 1.81825396240947e-02 2.78032239449260e-03
1.26778598658651e+00 1.94861621431580e-01 1.66605035628666e-02 2.19384182016357e-03
1.28527268984978e+00 1.90825848279967e-01 1.61686812423999e-02 3.54614255629345e-04
1.30275939311304e+00 1.86133222139423e-01 1.61916242359753e-02 5.82125023450881e-04
1.32024609637630e+00 1.81640403607965e-01 1.58747590881970e-02 1.49083992919381e-04
1.33773279963956e+00 1.77474368963767e-01 1.53673289253226e-02 1.49654140876739e-03
1.35521950290283e+00 1.73266320204179e-01 1.44721672477692e-02 1.36996306447317e-03
1.37270620616609e+00 1.69612217659970e-01 1.36864004172449e-02 1.31543718666945e-03
1.39019290942935e+00 1.66024628650663e-01 1.35830836607268e-02 4.76644594088926e-04
1.40767961269261e+00 1.62110357570714e-01 1.36017956375861e-02 1.61825137120948e-03
1.42516631595587e+00 1.58417015827232e-01 1.31187427558330e-02 1.47638534675659e-03
1.44265301921914e+00 1.55358219760898e-01 1.30344124496354e-02 3.82432576013516e-04
1.46013972248240e+00 1.51934937916062e-01 1.30468150530468e-02 9.48365698599317e-04
1.47762642574566e+00 1.48771729857245e-01 1.27684510363677e-02 3.00563823397854e-05
1.49511312900892e+00 1.45063481800705e-01 1.23241614813567e-02 2.39241888405390e-04
1.51259983227219e+00 1.42066828890765e-01 1.21985729172651e-02 3.21596119687908e-04
1.53008653553545e+00 1.38565029112445e-01 1.21069741326802e-02 1.28763096470665e-04
1.54757323879871e+00 1.34927624330771e-01 1.20313177298408e-02 5.92810310722421e-04
1.56505994206197e+00 1.32061907565357e-01 1.12091177859740e-02 6.46443828369757e-04
1.58254664532523e+00 1.28832994325914e-01 1.12556478596951e-02 6.17058154915145e-04
1.60003334858850e+00 1.26186608033325e-01 1.07102714981713e-02 7.33302909644955e-04
1.61752005185176e+00 1.23206114753524e-01 1.11100079767078e-02 1.26302635150019e-03
1.63500675511502e+00 1.20360689196430e-01 1.07435449899099e-02 6.13996274731481e-04
1.65249345837828e+00 1.17579210179890e-01 1.07259209702894e-02 9.41006485539556e-04
1.66998016164155e+00 1.14711979896497e-01 1.00037645311597e-02 5.20033119838447e-04
1.68746686490481e+00 1.12265890018537e-01 1.01339324168813e-02 8.25715222669704e-04
1.70495356816807e+00 1.09935903943523e-01 1.01157814866249e-02 5.15055769372611e-04
1.72244027143133e+00 1.07336988642353e-01 9.76183189451532e-03 4.34146691528938e-04
1.73992697469460e+00 1.04802917899580e-01 9.84777435122636e-03 6.59777877271961e-04
1.75741367795786e+00 1.02604402544864e-01 1.00975418405539e-02 4.47237276223241e-05
1.77490038122112e+00 1.00146442104270e-01 9.78487610470499e-03 2.42948364341069e-04
1.79238708448438e+00 9.75301803776627e-02 9.60483906255227e-03 7.81917191915588e-04
1.80987378774764e+00 9.48038998111255e-02 9.59807230388055e-03 5.12859256556943e-04
1.82736049101091e+00 9.27765745054983e-02 9.26652834547742e-03 6.77260476430103e-04
1.84484719427417e+00 9.02915246205249e-02 9.14905986274264e-03 5.35762198546419e-04
1.86233389753743e+00 8.80015179251960e-02 8.95616559486613e-03 1.15967531188275e-03
1.87982060080069e+00 8.59525746082990e-02 9.02144154876098e-03 7.83096577260452e-04
1.89730730406396e+00 8.40294951455916e-02 8.80505529052799e-03 3.05931953455753e-04
1.91479400732722e+00 8.17476831761532e-02 9.02940600500964e-03 5.48664638698324e-04
1.93228071059048e+00 7.96453324062845e-02 8.76510337503681e-03 6.03849407992835e-04
1.94976741385374e+00 7.73640909215449e-02 8.71630600702752e-03 5.61500104985004e-04
1.96725411711700e+00 7.54635723004648e-02 8.28767094326641e-03 2.13740108140316e-04
1.98474082038027e+00 7.35889342737334e-02 8.45255340090190e-03 -6.04919036104579e-05
2.00222752364353e+00 7.14340296965622e-02 7.95072491275952e-03 6.61754790300590e-04
2.01971422690679e+00 6.96340196542035e-02 7.90473067914712e-03 5.52368867026150e-04
2.03720093017005e+00 6.81036509947818e-02 7.71746641139456e-03 1.96615902867241e-04
2.05468763343332e+00 6.59160225120972e-02 7.56496252940711e-03 5.70804875355395e-04
2.07217433669658e+00 6.43055017485847e-02 7.54331237634079e-03 1.43120750305930e-04
2.08966103995984e+00 6.25723779980496e-02 7.47104690714920e-03 6.95121242953780e-04
2.10714774322310e+00 6.10761971466175e-02 7.53927738763212e-03 4.50383423789130e-04
2.12463444648636e+00 5.92930259613898e-02 6.95882281002491e-03 4.36997204916874e-04
2.14212114974963e+00 5.76557168886671e-02 7.29523925963543e-03 7.13868527653971e-04
2.15960785301289e+00 5.58155294180877e-02 6.79907414049290e-03 6.80487769158719e-04
2.17709455627615e+00 5.45838415505252e-02 6.77669792394989e-03 1.64349440391073e-04
2.19458125953941e+00 5.28997666079850e-02 6.55225588576412e-03 1.34662479308835e-04
2.21206796280268e+00 5.15849245331369e-02 6.35813709194849e-03 2.66207730682575e-04
2.22955466606594e+00 5.02909410943965e-02 6.31640942852040e-03 3.96445049367460e-04
2.24704136932920e+00 4.87607489563732e-02 6.26798563288830e-03 4.17509382559063e-04
2.26452807259246e+00 4.72982586855930e-02 6.22888644980197e-03 1.86271112093376e-04
2.28201477585573e+00 4.60498778042539e-02 5.84749809167262e-03 6.37449412286312e-04
2.29950147911899e+00 4.46800821773295e-02 5.87688092937771e-03 5.17193544968665e-04
2.31698818238225e+00 4.32111012600149e-02 5.74681272409784e-03 5.86127439058951e-04
2.33447488564551e+00 4.21451644136076e-02 5.72408082804408e-03 5.79169564637433e-04
2.35196158890877e+00 4.08191597203731e-02 5.59655287382952e-03 3.86615775170074e-04
2.36944829217204e+00 3.98688680540747e-02 5.45514123453305e-03 1.68343173965959e-04
2.38693499543530e+00 3.85848198385925e-02 5.34048790183784e-03 6.65516794409061e-05
2.40442169869856e+00 3.73699154738699e-02 5.13899588466456e-03 3.82390501757801e-04
2.42190840196182e+00 3.64152926046893e-02 5.07310857452743e-03 6.96188545909384e-04
2.43939510522509e+00 3.53044610958207e-02 4.99315888287896e-03 -3.86701616786169e-05
2.45688180848835e+00 3.43507533370730e-02 4.96662339320988e-03 3.01051149821172e-05
2.47436851175161e+00 3.31289080517634e-02 4.82779559845509e-03 3.20020220129897e-04
2.49185521501487e+00 3.21365877748208e-02 4.66516758471598e-03 4.85634911980263e-04
2.50934191827813e+00 3.11590621598900e-02 4.59995210029151e-03 4.83673055108019e-04
2.52682862154140e+00 3.02727670166682e-02 4.50969466505810e-03 2.89736564030076e-04
2.54431532480466e+00 2.93072577457271e-02 4.56172424634001e-03 2.33458131999555e-04
2.56180202806792e+00 2.83595446602153e-02 4.21376753782547e-03 2.86236493587189e-04
2.57928873133118e+00 2.74467388039068e-02 4.24034523804854e-03 2.44908813808163e-04
2.59677543459445e+00 2.66575274626259e-02 3.90710746935191e-03 2.09245390018099e-04
2.61426213785771e+00 2.58518669590169e-02 4.10892488621272e-03 7.05321120505194e-05
2.63174884112097e+00 2.49352990323827e-02 3.85036231502830e-03 2.46319316836087e-04
2.64923554438423e+00 2.42238253364391e-02 3.72752615157638e-03 1.72169615863035e-04
2.66672224764749e+00 2.35512649441327e-02 3.82622839714013e-03 2.52617410483272e-04
2.68420895091076e+00 2.27351192035909e-02 3.48053338216633e-03 2.23228344238801e-04
2.70169565417402e+00 2.20146267448060e-02 3.61348095682672e-03 3.56635886289256e-04
2.71918235743728e+00 2.12688403236809e-02 3.40951823179367e-03 4.84386298381807e-04
2.73666906070054e+00 2.05469519253411e-02 3.28136120915450e-03 3.48607480467646e-04
2.75415576396381e+00 2.00030883963051e-02 3.15707254463326e-03 1.36025205185972e-04
2.77164246722707e+00 1.93710366685162e-02 3.25623719934977e-03 3.12334850996670e-04
2.78912917049033e+00 1.86320907432944e-02 2.99984034633445e-03 3.08531323917785e-04
2.80661587375359e+00 1.80407488645738e-02 2.89944605562913e-03 5.05908804909502e-04
2.82410257701686e+00 1.75143956743239e-02 2.89144238347292e-03 5.77579964992036e-05
2.84158928028012e+00 1.68058866448035e-02 2.78418875331580e-03 1.91523644503364e-04
2.85907598354338e+00 1.62210476050909e-02 2.70602275536801e-03 3.79813233304471e-04
2.87656268680664e+00 1.56690363262748e-02 2.84710469999771e-03 3.25201795506058e-04
2.89404939006990e+00 1.52930800515721e-02 2.57273088397009e-03 2.71448305008362e-04
2.91153609333317e+00 1.48037876359640e-02 2.40574117389517e-03 2.99359599476293e-04
2.92902279659643e+00 1.42653190169779e-02 2.57716716711257e-03 1.97109076521468e-04
2.94650949985969e+00 1.38185807385282e-02 2.38958211654908e-03 1.67025897904385e-04
2.96399620312295e+00 1.32695290109969e-02 2.27674477952304e-03 2.87328120521608e-04
2.98148290638622e+00 1.29718909826448e-02 2.21833146844698e-03 1.47845598158533e-04
2.99896960964948e+00 1.25326735634886e-02 2.04540392008134e-03 1.44187994905491e-04
3.01645631291274e+00 1.21291531753815e-02 2.13343493468160e-03 -3.12547295962344e-06
3.03394301617600e+00 1.16972044358744e-02 2.09191731167861e-03 2.74186451265579e-04
3.05142971943926e+00 1.12377159011266e-02 2.02463529690775e-03 1.20479864498448e-04
3.06891642270253e+00 1.07703898854350e-02 1.96440733930983e-03 2.05445257795072e-04
3.08640312596579e+00 1.03640747468832e-02 1.82110622558106e-03 3.03358307040003e-04
3.10388982922905e+00 1.00716935828436e-02 1.80090749432726e-03 1.01212821991218e-04
3.12137653249231e+00 9.64724156514016e-03 1.74972310835463e-03 2.50189957879931e-05
3.13886323575558e+00 9.37770086149031e-03 1.70537809099064e-03 3.91553549518516e-04
3.15634993901884e+00 9.02281858273422e-03 1.75818296758949e-03 2.56432235955040e-04
3.17383664228210e+00 8.69575358696042e-03 1.57846112639350e-03 1.98864684350945e-04
3.19132334554536e+00 8.34355417310913e-03 1.55490385934744e-03 8.89312538045473e-05
3.20881004880862e+00 8.05825652649684e-03 1.53236809838244e-03 1.63605178651328e-04
3.22629675207189e+00 7.75610268309113e-03 1.46174973935005e-03 2.47312082244775e-04
3.24378345533515e+00 7.55132038325171e-03 1.46350082243872e-03 2.26941071420654e-04
3.26127015859841e+00 7.26799736131446e-03 1.44199018363644e-03 1.06990709969136e-04
3.27875686186167e+00 7.02887845447761e-03 1.21999668315135e-03 2.78108441619907e-05
3.29624356512494e+00 6.82457526266447e-03 1.34475568685346e-03 1.02318230525770e-04
3.31373026838820e+00 6.48348562828591e-03 1.29798098419743e-03 2.62825216259452e-04
3.33121697165146e+00 6.28690684432275e-03 1.21348561167061e-03 1.27240251619402e-04
3.34870367491472e+00 6.00577189321681e-03 1.17853051622911e-03 1.67593985114797e-04
3.36619037817799e+00 5.79450829515511e-03 1.11057564686960e-03 9.37126906368160e-05
3.38367708144125e+00 5.60779899369099e-03 1.03054459824665e-03 5.77374374871488e-05
3.40116378470451e+00 5.46467564847663e-03 1.02778653758437e-03 9.47178747281959e-05
3.41865048796777e+00 5.20850008750687e-03 9.85446690678882e-04 1.41246039319541e-04
3.43613719123103e+00 5.08221197371697e-03 1.05760193582717e-03 5.16789588744633e-05
3.45362389449430e+00 4.82304317517331e-03 9.11956131539981e-04 1.68433543075920e-04
3.47111059775756e+00 4.66446238712280e-03 8.92251860153234e-04 1.04689493403008e-04
3.48859730102082e+00 4.50017610898522e-03 8.47937158689689e-04 6.83811828078937e-05
3.50608400428408e+00 4.37430594304929e-03 8.51134241345980e-04 4.81650106636817e-05
3.52357070754735e+00 4.18653234042024e-03 8.15056153086204e-04 1.40948484454638e-04
3.54105741081061e+00 4.01278201137925e-03 8.09947409434041e-04 5.13857341420831e-05
3.55854411407387e+00 3.89256060503467e-03 8.24095097064022e-04 1.59291825880796e-04
3.57603081733713e+00 3.73837564385538e-03 7.05242019871939e-04 1.22756522372472e-04
3.59351752060039e+00 3.64359160055877e-03 6.83492451802885e-04 5.97864579868685e-05
3.61100422386366e+00 3.53223543208504e-03 7.14699101032989e-04 1.12118756280031e-04
3.62849092712692e+00 3.37180105950226e-03 6.64278733886197e-04 6.18773980383509e-05
3.64597763039018e+00 3.30021109089571e-03 6.83169752477986e-04 5.54812236621271e-05
3.66346433365344e+00 3.13665765409011e-03 6.71360667025559e-04 3.38769782945374e-05
3.68095103691671e+00 3.00957059251054e-03 5.63684921368588e-04 1.49667167675760e-04
3.69843774017997e+00 2.89479934216038e-03 5.74590509611284e-04 6.04759703138877e-05
3.71592444344323e+00 2.77267441883698e-03 5.71445053024159e-04 8.53738078543113e-05
3.73341114670649e+00 2.69731012054530e-03 5.34706707802904e-04 4.37658791951480e-05
3.75089784996976e+00 2.60174134826744e-03 5.47957260240597e-04 9.56156924279294e-06
3.76838455323302e+00 2.44790810399282e-03 5.08321944232693e-04 9.28201817108681e-05
3.78587125649628e+00 2.34868484987631e-03 4.96853684310088e-04 8.18312839254185e-05
3.80335795975954e+00 2.25305923786820e-03 4.88091805672042e-04 7.41628903822470e-05
3.82084466302280e+00 2.15320306910053e-03 4.77839636483419e-04 4.85757502201087e-05
3.83833136628607e+00 2.09613973426768e-03 4.17972773359963e-04 6.94592578286686e-05
3.85581806954933e+00 2.01866872259028e-03 4.30648033094133e-04 4.78040247049800e-05
3.87330477281259e+00 1.94388325655855e-03 4.02865906306928e-04 3.75378008086852e-05
3.89079147607585e+00 1.85804078031319e-03 3.58661981979066e-04 5.74353592087765e-05
3.90827817933912e+00 1.76420358073254e-03 3.82620812007540e-04 3.03501642677487e-05
3.92576488260238e+00 1.70639204880586e-03 3.44580359192556e-04 3.96372475098804e-05
3.94325158586564e+00 1.63003047542271e-03 3.56947874992567e-04 4.36375861763165e-05
3.96073828912890e+00 1.59702221872737e-03 3.57773972947047e-04 1.89591910792181e-05
3.97822499239216e+00 1.48579630584128e-03 3.47393053677595e-04 2.76222779838168e-05
3.99571169565543e+00 1.46346858082010e-03 3.04702054734128e-04 4.72206552549021e-05
4.01319839891869e+00 1.40632279264919e-03 2.89392854960454e-04 1.68911937614430e-05
4.03068510218195e+00 1.35266043279862e-03 3.12754537862327e-04 4.19537422597270e-05
4.04817180544521e+00 1.30861647422810e-03 2.75048216720472e-04 6.66143769257160e-05
4.06565850870848e+00 1.23167912993841e-03 2.73071998688525e-04 3.48042949720239e-05
4.08314521197174e+00 1.15356826228881e-03 2.61347172749750e-04 5.92259379569813e-05
4.10063191523500e+00 1.12079391918086e-03 2.55513902146331e-04 6.01419937425188e-05
4.11811861849826e+00 1.07764320273948e-03 2.63876043231471e-04 9.37098689645802e-05
4.13560532176152e+00 1.06373896033806e-03 2.04600084063331e-04 -8.36180562372184e-06
4.15309202502479e+00 1.00481162844138e-03 2.43410986737120e-04 3.57992438621592e-05
4.17057872828805e+00 9.81793802084589e-04 2.03146747228821e-04 1.03785630042383e-05
4.18806543155131e+00 9.38011197996487e-04 2.08143473897429e-04 1.39196390627021e-05
4.20555213481457e+00 8.73964954146977e-04 2.13097976822257e-04 5.91920233462789e-06
4.22303883807784e+00 8.72895726381286e-04 1.74063385420925e-04 9.44155927975990e-06
4.24052554134110e+00 8.36472489458580e-04 1.89678190670721e-04 3.90009463909712e-05
4.25801224460436e+00 7.89301754643243e-04 1.66739995668385e-04 -2.48319653146130e-07
4.27549894786762e+00 7.47859167260248e-04 1.86555460614047e-04 2.31924845894140e-05
4.29298565113089e+00 7.42010301691619e-04 1.71066265883112e-04 6.99513766248182e-06
4.31047235439415e+00 7.17457626454854e-04 1.61326049140803e-04 4.45137742361887e-05
4.32795905765741e+00 6.61944300316767e-04 1.49883102286011e-04 -2.96929300427807e-05
4.34544576092067e+00 6.27324473118557e-04 1.55452101799373e-04 2.64972346986793e-05
4.36293246418393e+00 6.01972543758481e-04 1.36423989889619e-04 1.09585286786452e-05
4.38041916744720e+00 5.93119002270925e-04 1.17833218000298e-04 1.97558175780978e-05
4.39790587071046e+00 5.65486860194295e-04 1.33671603824163e-04 1.92237353567707e-05
4.41539257397372e+00 5.43500489680330e-04 1.16990045314966e-04 3.43167352249788e-05
4.43287927723698e+00 5.17438291485774e-04 1.33925524409436e-04 2.49429702399681e-06
4.45036598050025e+00 4.83348100165506e-04 1.14751122153707e-04 1.78443010058298e-05
4.46785268376351e+00 4.62650700664665e-04 1.07919363439253e-04 8.66049644928414e-06
4.48533938702677e+00 4.47076442641037e-04 1.19941059568530e-04 3.65770096475933e-05
4.50282609029003e+00 4.18089319879877e-04 1.04653488200959e-04 -1.77158836304751e-05
4.52031279355329e+00 4.13245131470731e-04 9.39659715087776e-05 1.18781301306382e-05
4.53779949681656e+00 3.80143123055477e-04 1.06171611798009e-04 -9.71190509862627e-06
4.55528620007982e+00 3.79055517660734e-04 1.10254781626088e-04 1.33505425442639e-05
4.57277290334308e+00 3.40354415201877e-04 5.88675855481173e-05 5.49666140423020e-07
4.59025960660634e+00 3.35790614547900e-04 7.40554436408342e-05 6.56793629695208e-06
4.60774630986961e+00 3.30179713998659e-04 8.13424988795622e-05 7.84989393200587e-06
4.62523301313287e+00 3.06686438361003e-04 6.53188931089568e-05 7.98980218319687e-06
4.64271971639613e+00 2.91510678019980e-04 7.23459611059359e-05 3.61081315918182e-05
4.66020641965939e+00 2.81249747576858e-04 8.91963485172321e-05 1.04297296502513e-05
4.67769312292265e+00 2.84425403960172e-04 8.15200049962080e-05 7.85752721959884e-06
4.69517982618592e+00 2.47649562743477e-04 6.69260846754787e-05 -1.18299952760618e-06
4.71266652944918e+00 2.33052005802231e-04 6.31927450849727e-05 9.53932614857556e-06
4.73015323271244e+00 2.32883774314320e-04 6.05042037670963e-05 7.57902143957902e-07
4.74763993597570e+00 2.09795212365900e-04 5.44662666432505e-05 2.00418293741473e-05
4.76512663923897e+00 1.97533454414088e-04 6.45415674130699e-05 2.19618428163568e-05
4.78261334250223e+00 1.92377811192006e-04 4.64583261482173e-05 2.01921738037232e-05
4.80010004576549e+00 1.86197527747504e-04 6.14765071052694e-05 7.98700385846260e-06
4.81758674902875e+00 1.79345533690145e-04 5.29177887057655e-05 1.89492235240276e-05
4.83507345229202e+00 1.71738718958923e-04 4.58206877933111e-05 2.57924507678264e-05
4.85256015555528e+00 1.68832902609600e-04 4.56445939571807e-05 4.95482598909176e-06
4.87004685881854e+00 1.62741985439222e-04 4.72884673613841e-05 3.61453059379980e-06
4.88753356208180e+00 1.50896252393216e-04 4.13886863707107e-05 2.38416078781282e-06
4.90502026534506e+00 1.45720897247696e-04 3.31499978535012e-05 5.17149950935223e-06
4.92250696860833e+00 1.34292293135331e-04 2.93380975137493e-05 2.81034332448085e-06
4.93999367187159e+00 1.35598209579298e-04 4.56505395513455e-05 1.30794379270293e-05
4.95748037513485e+00 1.13355543831288e-04 3.35237890804977e-05 -1.09554194778332e-06
4.97496707839811e+00 1.07173573696301e-04 3.30340747249555e-05 9.11488168637201e-06
4.99245378166138e+00 1.00075154019268e-04 2.83742495513453e-05 -3.92289484821819e-06
5.00994048492464e+00 9.74305204953955e-05 3.12833730667559e-05 1.25467345099490e-05
5.02742718818790e+00 9.98964956309501e-05 1.40739284142532e-05 5.75820404475629e-06
5.04491389145116e+00 9.46309652508339e-05 2.34803612971262e-05 1.25972910683552e-05
5.06240059471442e+00 8.59102498958050e-05 2.13403094119876e-05 -1.15343406516909e-06
5.07988729797769e+00 7.84885343159062e-05 2.39728342311428e-05 -9.28194580815171e-06
5.09737400124095e+00 7.38788428961949e-05 2.15152077106382e-05 4.83809323062272e-06
5.11486070450421e+00 7.45953312508410e-05 1.76753005235044e-05 1.34526990436474e-05
5.13234740776747e+00 6.79889946501175e-05 1.28539589390494e-05 5.92379359327766e-07
5.14983411103074e+00 6.41773854723323e-05 1.84064773621695e-05 7.68549391575214e-06
5.16732081429400e+00 6.07981795092644e-05 2.10370087057849e-05 7.65763553363929e-06
5.18480751755726e+00 5.81003077704857e-05 1.31705193349464e-05 -2.08340671351052e-06
5.20229422082052e+00 5.59131479562068e-05 2.42658047497834e-05 3.18955674955564e-06
5.21978092408379e+00 5.39003594744060e-05 1.06031852662655e-05 -1.59181278336333e-06
5.23726762734705e+00 5.04783931900812e-05 1.21747886941622e-05 2.95373568072667e-07
5.25475433061031e+00 4.83153584127938e-05 1.31673904493662e-05 5.56416631910513e-07
5.27224103387357e+00 4.30048475898116e-05 1.39574806501914e-05 2.78037132390500e-06
5.28972773713683e+00 3.59714837020172e-05 9.87641013348471e-06 3.35164713811561e-06
5.30721444040010e+00 3.84773289785130e-05 1.43433552798612e-05 3.73676924589392e-06
5.32470114366336e+00 3.57705451735439e-05 9.81913856657606e-06 6.05893555349476e-06
5.34218784692662e+00 3.56294772807701e-05 1.31235241317503e-05 6.33610870976362e-06
5.35967455018988e+00 2.63491160494977e-05 1.16001983407914e-05 2.74030806914776e-06
5.37716125345315e+00 2.77859629041440e-05 9.31240792243029e-06 -2.04810496980427e-06
5.39464795671641e+00 2.32268418406358e-05 7.84459909232497e-06 4.75739889502633e-06
5.41213465997967e+00 2.58933396000395e-05 6.11607236628783e-06 5.81879060657598e-06
5.42962136324293e+00 2.29882985657586e-05 1.14712427932053e-05 7.15255140072702e-07
5.44710806650619e+00 2.28696920765328e-05 7.72342172413195e-06 -5.29008648718885e-06
5.46459476976946e+00 1.92450171956477e-05 8.39604648501646e-06 1.77152014219598e-06
5.48208147303272e+00 2.29594588222030e-05 6.32117866296397e-06 -4.52887537746050e-06
5.49956817629598e+00 1.68264047690534e-05 2.03380022860732e-06 2.36715813178552e-06
5.51705487955924e+00 1.57446626406969e-05 4.56757532689908e-06 2.91763207181987e-06
5.53454158282251e+00 1.83127216103031e-05 2.03222592029381e-06 2.69456302844699e-06
5.55202828608577e+00 1.69894273732136e-05 5.31040958465589e-06 -4.12551837842691e-06
5.56951498934903e+00 1.42971626983710e-05 5.86910645007704e-06 -1.87341296306959e-06
5.58700169261229e+00 1.58070909258698e-05 6.90995689045164e-06 -1.80039539708733e-06
5.60448839587556e+00 1.15147186760648e-05 3.59935611762307e-06 4.11059352233870e-06
5.62197509913882e+00 1.17379884679344e-05 1.52433055720573e-06 -1.74445803957014e-06
5.63946180240208e+00 1.18000483446945e-05 3.19323757246221e-06 -1.05983699520408e-06
5.65694850566534e+00 1.22626857701997e-05 4.97720775378696e-06 -3.62278208822744e-06
5.67443520892860e+00 1.03231840670957e-05 1.00831100190237e-07 5.13998536922138e-07
5.69192191219187e+00 9.18869117053215e-06 2.34431477342099e-06 -1.75807627674103e-06
5.70940861545513e+00 1.11690890675767e-05 4.48997380516583e-06 -1.74780288066050e-06
5.72689531871839e+00 7.72675947633294e-06 5.22392666451458e-06 1.27698640376385e-06
5.74438202198165e+00 8.82849353224057e-06 2.18087651039673e-06 -2.74160515366065e-07
5.76186872524492e+00 7.86210421915873e-06 4.22647663175382e-06 1.81614607462567e-06
5.77935542850818e+00 6.81936648254334e-06 2.95928787358741e-06 2.46718335741690e-06
5.79684213177144e+00 6.09649567656462e-06 1.54391773627286e-06 3.43137696268356e-06
5.81432883503470e+00 6.16637722884729e-06 3.96545489485872e-06 -1.33051447130128e-06
5.83181553829796e+00 6.78862538019014e-06 3.19223267877778e-06 3.06798504681942e-06
5.84930224156123e+00 5.04444306062669e-06 2.74291591421576e-06 3.46805460418098e-08
5.86678894482449e+00 2.75456543437456e-06 1.88412275711220e-06 3.11950600349442e-06
5.88427564808775e+00 3.45773299020639e-06 1.66914201618145e-06 1.44313201436705e-06
5.90176235135101e+00 2.11864497301262e-06 8.14501289624850e-07 -2.75188441494638e-07
5.91924905461428e+00 4.15267405436076e-06 2.45869644954417e-06 7.21703409711641e-07
5.93673575787754e+00 3.12947447290515e-06 8.44958107684390e-07 1.69617516431459e-07
5.95422246114080e+00 3.04675379145056e-06 5.48415682461101e-07 1.36939864641890e-06
5.97170916440406e+00 2.02819312062237e-06 1.00161537187659e-06 9.19083513352800e-07
5.98919586766733e+00 1.94733662536159e-06 1.96758892626535e-06 1.68171990966228e-07
6.00668257093059e+00 2.17784000922041e-06 8.12023203437897e-07 1.24759120528198e-07
6.02416927419385e+00 8.54337330484796e-07 1.06714499280555e-06 4.20178632538433e-08
6.04165597745711e+00 2.09397286562655e-06 6.37498405757415e-07 -1.15633834912932e-07
6.05914268072037e+00 8.51868142284894e-07 -2.46267335678724e-07 1.02998602658083e-08
6.07662938398364e+00 8.50641549651141e-07 4.22227532826839e-07 -4.53933263313836e-08
6.09411608724690e+00 4.63320131052937e-07 4.07721715326585e-07 -1.93204494649075e-07
6.11160279051016e+00 7.71094705730969e-07 -1.48050183500346e-07 5.26657684014252e-07
6.12908949377342e+00 6.15995142059304e-07 -5.17435919329815e-07 -6.43714923451973e-07
6.14657619703669e+00 9.22677420303905e-07 -2.86030000294210e-07 -9.53125775173933e-07
6.16406290029995e+00 6.91025796364841e-07 4.65290702885660e-07 3.18102208259949e-07
6.18154960356321e+00 7.66719664998102e-07 1.47210175679636e-07 -1.02203731344247e-06
6.19903630682647e+00 4.59382494795230e-07 3.30755396252565e-07 -5.57230966186613e-07
6.21652301008973e+00 6.11647909602726e-07 -2.75241559321226e-07 -5.84123753670603e-07
6.23400971335300e+00 3.05394727986608e-07 5.03901301177903e-07 3.95486172742657e-07
6.25149641661626e+00 2.28725477538964e-07 2.24150967988184e-07 1.42495972506774e-07
6.26898311987952e+00 3.04541668420873e-07 -1.46180000842019e-07 3.62404585420839e-08
6.28646982314278e+00 7.60294526598447e-08 2.14403056500762e-07 3.13773551127179e-07
6.30395652640605e+00 0.00000000000000e+00 0.00000000000000e+00 0.00000000000000e+00
6.32144322966931e+00 7.58188443531603e-08 2.04710879753533e-07 2.71052368562548e-07
6.33892993293257e+00 0.00000000000000e+00 0.00000000000000e+00 0.00000000000000e+00
6.35641663619583e+00 3.02439906466083e-07 -1.36097957909737e-07 1.50312633513643e-07
6.37390333945909e+00 1.51012375985936e-07 -4.25854900280339e-07 6.25040224205789e-07
6.39139004272236e+00 7.54028256063957e-08 1.22152577482361e-07 -2.36010844148018e-08
6.40887674598562e+00 0.00000000000000e+00 0.00000000000000e+00 0.00000000000000e+00
6.42636344924888e+00 0.00000000000000e+00 0.00000000000000e+00 0.00000000000000e+00
6.44385015251214e+00 0.00000000000000e+00 0.00000000000000e+00 0.00000000000000e+00
6.46133685577541e+00 0.00000000000000e+00 0.00000000000000e+00 0.00000000000000e+00
6.47882355903867e+00 0.00000000000000e+00 0.00000000000000e+00 0.00000000000000e+00
6.49631026230193e+00 0.00000000000000e+00 0.00000000000000e+00 0.00000000000000e+00
6.51379696556519e+00 0.00000000000000e+00 0.00000000000000e+00 0.00000000000000e+00
6.53128366882846e+00 0.00000000000000e+00 0.00000000000000e+00 0.00000000000000e+00
6.54877037209172e+00 0.00000000000000e+00 0.00000000000000e+00 0.00000000000000e+00
6.56625707535498e+00 0.00000000000000e+00 0.00000000000000e+00 0.00000000000000e+00
6.58374377861824e+00 0.00000000000000e+00 0.00000000000000e+00 0.00000000000000e+00
6.60123048188150e+00 0.00000000000000e+00 0.00000000000000e+00 0.00000000000000e+00
6.61871718514477e+00 0.00000000000000e+00 0.00000000000000e+00 0.00000000000000e+00
6.63620388840803e+00 0.00000000000000e+00 0.00000000000000e+00 0.00000000000000e+00
6.65369059167129e+00 0.00000000000000e+00 0.00000000000000e+00 0.00000000000000e+00
6.67117729493455e+00 0.00000000000000e+00 0.00000000000000e+00 0.00000000000000e+00
6.68866399819782e+00 0.00000000000000e+00 0.00000000000000e+00 0.00000000000000e+00
6.70615070146108e+00 0.00000000000000e+00 0.00000000000000e+00 0.00000000000000e+00
6.72363740472434e+00 0.00000000000000e+00 0.00000000000000e+00 0.00000000000000e+00
6.74112410798760e+00 0.00000000000000e+00 0.00000000000000e+00 0.00000000000000e+00
6.75861081125086e+00 0.00000000000000e+00 0.00000000000000e+00 0.00000000000000e+00
6.77609751451413e+00 0.00000000000000e+00 0.00000000000000e+00 0.00000000000000e+00
6.79358421777739e+00 0.00000000000000e+00 0.00000000000000e+00 0.00000000000000e+00
6.81107092104065e+00 0.00000000000000e+00 0.00000000000000e+00 0.00000000000000e+00
6.82855762430391e+00 0.00000000000000e+00 0.00000000000000e+00 0.00000000000000e+00
6.84604432756718e+00 0.00000000000000e+00 0.00000000000000e+00 0.00000000000000e+00
6.86353103083044e+00 0.00000000000000e+00 0.00000000000000e+00 0.00000000000000e+00
6.88101773409370e+00 0.00000000000000e+00 0.00000000000000e+00 0.00000000000000e+00
6.89850443735696e+00 0.00000000000000e+00 0.00000000000000e+00 0.00000000000000e+00
6.91599114062022e+00 0.00000000000000e+00 0.00000000000000e+00 0.00000000000000e+00
6.93347784388349e+00 0.00000000000000e+00 0.00000000000000e+00 0.00000000000000e+00
6.95096454714675e+00 0.00000000000000e+00 0.00000000000000e+00 0.00000000000000e+00
6.96845125041001e+00 0.00000000000000e+00 0.00000000000000e+00 0.00000000000000e+00
6.98593795367327e+00 0.00000000000000e+00 0.00000000000000e+00 0.00000000000000e+00
7.00342465693654e+00 0.00000000000000e+00 0.00000000000000e+00 0.00000000000000e+00
7.02091136019980e+00 0.00000000000000e+00 0.00000000000000e+00 0.00000000000000e+00
7.03839806346306e+00 0.00000000000000e+00 0.00000000000000e+00 0.00000000000000e+00
7.05588476672632e+00 0.00000000000000e+00 0.00000000000000e+00 0.00000000000000e+00
7.07337146998958e+00 0.00000000000000e+00 0.00000000000000e+00 0.00000000000000e+00
7.09085817325285e+00 0.00000000000000e+00 0.00000000000000e+00 0.00000000000000e+00
7.10834487651611e+00 0.00000000000000e+00 0.00000000000000e+00 0.00000000000000e+00
7.12583157977937e+00 0.00000000000000e+00 0.00000000000000e+00 0.00000000000000e+00
7.14331828304263e+00 0.00000000000000e+00 0.00000000000000e+00 0.00000000000000e+00
7.16080498630590e+00 0.00000000000000e+00 0.00000000000000e+00 0.00000000000000e+00
7.17829168956916e+00 0.00000000000000e+00 0.00000000000000e+00 0.00000000000000e+00
7.19577839283242e+00 0.00000000000000e+00 0.00000000000000e+00 0.00000000000000e+00
7.21326509609568e+00 0.00000000000000e+00 0.00000000000000e+00 0.00000000000000e+00
7.23075179935894e+00 0.00000000000000e+00 0.00000000000000e+00 0.00000000000000e+00
7.24823850262221e+00 0.00000000000000e+00 0.00000000000000e+00 0.00000000000000e+00
7.26572520588547e+00 0.00000000000000e+00 0.00000000000000e+00 0.00000000000000e+00
7.28321190914873e+00 0.00000000000000e+00 0.00000000000000e+00 0.00000000000000e+00
7.30069861241199e+00 0.00000000000000e+00 0.00000000000000e+00 0.00000000000000e+00
7.31818531567526e+00 0.00000000000000e+00 0.00000000000000e+00 0.00000000000000e+00
7.33567201893852e+00 0.00000000000000e+00 0.00000000000000e+00 0.00000000000000e+00
7.35315872220178e+00 0.00000000000000e+00 0.00000000000000e+00 0.00000000000000e+00
7.37064542546504e+00 0.00000000000000e+00 0.00000000000000e+00 0.00000000000000e+00
7.38813212872831e+00 0.00000000000000e+00 0.00000000000000e+00 0.00000000000000e+00
7.40561883199157e+00 0.00000000000000e+00 0.00000000000000e+00 0.00000000000000e+00
7.42310553525483e+00 0.00000000000000e+00 0.00000000000000e+00 0.00000000000000e+00
7.44059223851809e+00 0.00000000000000e+00 0.00000000000000e+00 0.00000000000000e+00
7.45807894178135e+00 0.00000000000000e+00 0.00000000000000e+00 0.00000000000000e+00
7.47556564504462e+00 0.00000000000000e+00 0.00000000000000e+00 0.00000000000000e+00
7.49305234830788e+00 0.00000000000000e+00 0.00000000000000e+00 0.00000000000000e+00
7.51053905157114e+00 0.00000000000000e+00 0.00000000000000e+00 0.00000000000000e+00
7.52802575483440e+00 0.00000000000000e+00 0.00000000000000e+00 0.00000000000000e+00
7.54551245809767e+00 0.00000000000000e+00 0.00000000000000e+00 0.00000000000000e+00
7.56299916136093e+00 0.00000000000000e+00 0.00000000000000e+00 0.00000000000000e+00
7.58048586462419e+00 0.00000000000000e+00 0.00000000000000e+00 0.00000000000000e+00
7.59797256788745e+00 0.00000000000000e+00 0.00000000000000e+00 0.00000000000000e+00
7.61545927115071e+00 0.00000000000000e+00 0.00000000000000e+00 0.00000000000000e+00
7.63294597441398e+00 0.00000000000000e+00 0.00000000000000e+00 0.00000000000000e+00
7.65043267767724e+00 0.00000000000000e+00 0.00000000000000e+00 0.00000000000000e+00
7.66791938094050e+00 0.00000000000000e+00 0.00000000000000e+00 0.00000000000000e+00
7.68540608420376e+00 0.00000000000000e+00 0.00000000000000e+00 0.00000000000000e+00
7.70289278746703e+00 0.00000000000000e+00 0.00000000000000e+00 0.00000000000000e+00
7.72037949073029e+00 0.00000000000000e+00 0.00000000000000e+00 0.00000000000000e+00
7.73786619399355e+00 0.00000000000000e+00 0.00000000000000e+00 0.00000000000000e+00
7.75535289725681e+00 0.00000000000000e+00 0.00000000000000e+00 0.00000000000000e+00
7.77283960052008e+00 0.00000000000000e+00 0.00000000000000e+00 0.00000000000000e+00
7.79032630378334e+00 0.00000000000000e+00 0.00000000000000e+00 0.00000000000000e+00
7.80781300704660e+00 0.00000000000000e+00 0.00000000000000e+00 0.00000000000000e+00
7.82529971030986e+00 0.00000000000000e+00 0.00000000000000e+00 0.00000000000000e+00
7.84278641357312e+00 0.00000000000000e+00 0.00000000000000e+00 0.00000000000000e+00
7.86027311683639e+00 0.00000000000000e+00 0.00000000000000e+00 0.00000000000000e+00
7.87775982009965e+00 0.00000000000000e+00 0.00000000000000e+00 0.00000000000000e+00
7.89524652336291e+00 0.00000000000000e+00 0.00000000000000e+00 0.00000000000000e+00
7.91273322662617e+00 0.00000000000000e+00 0.00000000000000e+00 0.00000000000000e+00
7.93021992988944e+00 0.00000000000000e+00 0.00000000000000e+00 0.00000000000000e+00
7.94770663315270e+00 0.00000000000000e+00 0.00000000000000e+00 0.00000000000000e+00
7.96519333641596e+00 0.00000000000000e+00 0.00000000000000e+00 0.00000000000000e+00
7.98268003967922e+00 0.00000000000000e+00 0.00000000000000e+00 0.00000000000000e+00
8.00016674294248e+00 0.00000000000000e+00 0.00000000000000e+00 0.00000000000000e+00
8.01765344620575e+00 0.00000000000000e+00 0.00000000000000e+00 0.00000000000000e+00
8.03514014946901e+00 0.00000000000000e+00 0.00000000000000e+00 0.00000000000000e+00
8.05262685273227e+00 0.00000000000000e+00 0.00000000000000e+00 0.00000000000000e+00
8.07011355599553e+00 0.00000000000000e+00 0.00000000000000e+00 0.00000000000000e+00
8.08760025925880e+00 0.00000000000000e+00 0.00000000000000e+00 0.00000000000000e+00
8.10508696252206e+00 0.00000000000000e+00 0.00000000000000e+00 0.00000000000000e+00
8.12257366578532e+00 0.00000000000000e+00 0.00000000000000e+00 0.00000000000000e+00
8.14006036904858e+00 0.00000000000000e+00 0.00000000000000e+00 0.00000000000000e+00
8.15754707231184e+00 0.00000000000000e+00 0.00000000000000e+00 0.00000000000000e+00
8.17503377557511e+00 0.00000000000000e+00 0.00000000000000e+00 0.00000000000000e+00
8.19252047883837e+00 0.00000000000000e+00 0.00000000000000e+00 0.00000000000000e+00
8.21000718210163e+00 0.00000000000000e+00 0.00000000000000e+00 0.00000000000000e+00
8.22749388536490e+00 0.00000000000000e+00 0.00000000000000e+00 0.00000000000000e+00
8.24498058862816e+00 0.00000000000000e+00 0.00000000000000e+00 0.00000000000000e+00
8.26246729189142e+00 0.00000000000000e+00 0.00000000000000e+00 0.00000000000000e+00
8.27995399515468e+00 0.00000000000000e+00 0.00000000000000e+00 0.00000000000000e+00
8.29744069841794e+00 0.00000000000000e+00 0.00000000000000e+00 0.00000000000000e+00
8.31492740168120e+00 0.00000000000000e+00 0.00000000000000e+00 0.00000000000000e+00
8.33241410494447e+00 0.00000000000000e+00 0.00000000000000e+00 0.00000000000000e+00
8.34990080820773e+00 0.00000000000000e+00 0.00000000000000e+00 0.00000000000000e+00
8.36738751147099e+00 0.00000000000000e+00 0.00000000000000e+00 0.00000000000000e+00
8.38487421473426e+00 0.00000000000000e+00 0.00000000000000e+00 0.00000000000000e+00
8.40236091799752e+00 0.00000000000000e+00 0.00000000000000e+00 0.00000000000000e+00
8.41984762126078e+00 0.00000000000000e+00 0.00000000000000e+00 0.00000000000000e+00
8.43733432452404e+00 0.00000000000000e+00 0.00000000000000e+00 0.00000000000000e+00
8.45482102778730e+00 0.00000000000000e+00 0.00000000000000e+00 0.00000000000000e+00
8.47230773105057e+00 0.00000000000000e+00 0.00000000000000e+00 0.00000000000000e+00
8.48979443431383e+00 0.00000000000000e+00 0.00000000000000e+00 0.00000000000000e+00
8.50728113757709e+00 0.00000000000000e+00 0.00000000000000e+00 0.00000000000000e+00
8.52476784084035e+00 0.00000000000000e+00 0.00000000000000e+00 0.00000000000000e+00
8.54225454410362e+00 0.00000000000000e+00 0.00000000000000e+00 0.00000000000000e+00
8.55974124736688e+00 0.00000000000000e+00 0.00000000000000e+00 0.00000000000000e+00
8.57722795063014e+00 0.00000000000000e+00 0.00000000000000e+00 0.00000000000000e+00
8.59471465389340e+00 0.00000000000000e+00 0.00000000000000e+00 0.00000000000000e+00
8.61220135715666e+00 0.00000000000000e+00 0.00000000000000e+00 0.00000000000000e+00
8.62968806041993e+00 0.00000000000000e+00 0.00000000000000e+00 0.00000000000000e+00
8.64717476368319e+00 0.00000000000000e+00 0.00000000000000e+00 0.00000000000000e+00
8.66466146694645e+00 0.00000000000000e+00 0.00000000000000e+00 0.00000000000000e+00
8.68214817020971e+00 0.00000000000000e+00 0.00000000000000e+00 0.00000000000000e+00
8.69963487347298e+00 0.00000000000000e+00 0.00000000000000e+00 0.00000000000000e+00
8.71712157673624e+00 0.00000000000000e+00 0.00000000000000e+00 0.00000000000000e+00
8.73460827999950e+00 0.00000000000000e+00 0.00000000000000e+00 0.00000000000000e+00
