Energy(eV)           EEDF(eV^-(3/2))      First Anisotropy     Second Anisotropy    
3.47580592360681e-02 1.17740365080056e-01 1.52807738454812e-03 8.16365571464725e-04
1.04274177708204e-01 1.25219825769458e-01 2.29297756793680e-03 -1.38411443247677e-03
1.73790296180340e-01 1.26529668007214e-01 3.40377197509544e-03 -2.33818432360673e-03
2.43306414652477e-01 1.27716194873240e-01 4.56836669351477e-03 -3.75367450679248e-03
3.12822533124613e-01 1.28186759165545e-01 6.94273806775187e-03 -3.78087268361309e-03
3.82338651596749e-01 1.28297081253821e-01 8.57886477706208e-03 -3.98724887334907e-03
4.51854770068885e-01 1.28003535612196e-01 1.05880640103642e-02 -3.21555515931569e-03
5.21370888541021e-01 1.27983141792261e-01 1.25321051959368e-02 -3.26671280899193e-03
5.90887007013157e-01 1.27409876080477e-01 1.32540575932401e-02 -2.58947358246537e-03
6.60403125485293e-01 1.26918515047327e-01 1.47906719742549e-02 -2.53908098062005e-03
7.29919243957430e-01 1.26289121935769e-01 1.52248688507487e-02 -2.03189733542249e-03
7.99435362429566e-01 1.25608828707994e-01 1.67674981651789e-02 -1.70200289244069e-03
8.68951480901702e-01 1.25083525534615e-01 1.76495144736955e-02 -1.69915662887218e-03
9.38467599373838e-01 1.24164503103090e-01 1.85185932628594e-02 -1.30825673043644e-03
1.00798371784597e+00 1.23236694935565e-01 1.96012883861919e-02 -6.68346269584673e-04
1.07749983631811e+00 1.22316515002246e-01 2.02859797009311e-02 -9.59614025153244e-04
1.14701595479025e+00 1.20949656374249e-01 2.16045304257337e-02 -6.52766641573052e-04
1.21653207326238e+00 1.19690551160490e-01 2.23924966582568e-02 -4.00021788057200e-04
1.28604819173452e+00 1.18395770034531e-01 2.31544059159714e-02 -1.32871206171341e-04
1.35556431020666e+00 1.17055929199800e-01 2.36724735805285e-02 5.31957691731705e-04
1.42508042867879e+00 1.15571399642113e-01 2.44101944151406e-02 6.98504639815473e-04
1.49459654715093e+00 1.14026747550592e-01 2.49583737526915e-02 1.12914429524317e-03
1.56411266562306e+00 1.12520609360844e-01 2.56379162221921e-02 1.53620831395893e-03
1.63362878409520e+00 1.11121335330710e-01 2.60573589180579e-02 1.56010565862022e-03
1.70314490256734e+00 1.09499065693050e-01 2.64227584085244e-02 2.12000721020587e-03
1.77266102103947e+00 1.08054149063242e-01 2.67944115514971e-02 2.63833712526350e-03
1.84217713951161e+00 1.06521212077876e-01 2.72863684198209e-02 2.96194564422347e-03
1.91169325798374e+00 1.05072913798684e-01 2.72435862378563e-02 2.84570148894926e-03
1.98120937645588e+00 1.03621745096354e-01 2.78370844570847e-02 3.10368106120382e-03
2.05072549492802e+00 1.02066517139355e-01 2.77783687852525e-02 3.41094980848516e-03
2.12024161340015e+00 1.00611223634664e-01 2.80262902658905e-02 3.81185496147890e-03
2.18975773187229e+00 9.92868914993776e-02 2.81549330214193e-02 3.92372254965984e-03
2.25927385034442e+00 9.78989391768762e-02 2.83079828535833e-02 4.10028813003387e-03
2.32878996881656e+00 9.63655737956036e-02 2.84189662766334e-02 4.42243451440503e-03
2.39830608728870e+00 9.49627888178024e-02 2.84540617288486e-02 4.57970821597732e-03
2.46782220576083e+00 9.36706139928536e-02 2.87415975784625e-02 4.65784539236925e-03
2.53733832423297e+00 9.22423850313983e-02 2.87220116082693e-02 4.88229489873597e-03
2.60685444270511e+00 9.08848137206338e-02 2.86026064413534e-02 5.25160956002674e-03
2.67637056117724e+00 8.95447762444707e-02 2.84926281063720e-02 5.25527979811419e-03
2.74588667964938e+00 8.82774287449402e-02 2.84753606374555e-02 5.46388426985647e-03
2.81540279812151e+00 8.70041292511943e-02 2.85771143359442e-02 5.54258383549436e-03
2.88491891659365e+00 8.57784373746817e-02 2.83500063812376e-02 5.76345010903050e-03
2.95443503506579e+00 8.46232808509565e-02 2.83549801291597e-02 5.67337113582289e-03
3.02395115353792e+00 8.32843694608292e-02 2.82786658894414e-02 5.90503345656021e-03
3.09346727201006e+00 8.20273137998702e-02 2.79431750494636e-02 5.79687295961869e-03
3.16298339048219e+00 8.07870039169687e-02 2.79309697530742e-02 6.13367146631943e-03
3.23249950895433e+00 7.95950474246609e-02 2.78709024942725e-02 6.21017011448852e-03
3.30201562742647e+00 7.84412029852044e-02 2.76413045630247e-02 6.22583300503588e-03
3.37153174589860e+00 7.73188009741287e-02 2.76749916344178e-02 6.25497300230202e-03
3.44104786437074e+00 7.61771901165197e-02 2.73424086850810e-02 6.19735661065210e-03
3.51056398284288e+00 7.51140452902067e-02 2.70764881194651e-02 6.25581759670019e-03
3.58008010131501e+00 7.38944917855106e-02 2.70260872299691e-02 6.56883179083895e-03
3.64959621978715e+00 7.28741450463727e-02 2.68942278593954e-02 6.26742956403448e-03
3.71911233825928e+00 7.17628345074646e-02 2.66554704974458e-02 6.35562640280306e-03
3.78862845673142e+00 7.06760253958146e-02 2.64747883667908e-02 6.39627216522560e-03
3.85814457520356e+00 6.96658475709413e-02 2.63619026020836e-02 6.46732669565638e-03
3.92766069367569e+00 6.86448355575151e-02 2.62102006628714e-02 6.32803371270163e-03
3.99717681214783e+00 6.76391520020580e-02 2.60430684332260e-02 6.32029711439744e-03
4.06669293061996e+00 6.65299722869341e-02 2.57701727359643e-02 6.29874970386810e-03
4.13620904909210e+00 6.55238473116063e-02 2.56584717089727e-02 6.27487283707427e-03
4.20572516756424e+00 6.44441959485614e-02 2.54450688767934e-02 6.23048018439111e-03
4.27524128603637e+00 6.33881416870638e-02 2.51521387733685e-02 6.24319866941030e-03
4.34475740450851e+00 6.24810717793153e-02 2.49330041262799e-02 6.03778336922103e-03
4.41427352298065e+00 6.14421681996984e-02 2.49556109639523e-02 6.13390053695724e-03
4.48378964145278e+00 6.04206516592478e-02 2.47384735449923e-02 6.10044757179344e-03
4.55330575992492e+00 5.94738487817923e-02 2.45355891654151e-02 6.08430830473696e-03
4.62282187839705e+00 5.85164185437373e-02 2.43632518270039e-02 6.04521886927099e-03
4.69233799686919e+00 5.74605221851800e-02 2.42031818291926e-02 6.05016792586058e-03
4.76185411534133e+00 5.65492864925588e-02 2.39064514254412e-02 6.04149978627837e-03
4.83137023381346e+00 5.55651095198675e-02 2.37779864419792e-02 5.92633821428554e-03
4.90088635228560e+00 5.45973936757983e-02 2.35815783680353e-02 5.80611719871861e-03
4.97040247075774e+00 5.37258753062539e-02 2.33706731652371e-02 5.93103757838333e-03
5.03991858922987e+00 5.27599229666773e-02 2.32128632340845e-02 6.04057492837016e-03
5.10943470770201e+00 5.18227424564216e-02 2.29241357420035e-02 5.82273041567563e-03
5.17895082617414e+00 5.09078788426287e-02 2.27536509102657e-02 5.82818411819046e-03
5.24846694464628e+00 4.99866654757426e-02 2.26320164419312e-02 5.77612769503887e-03
5.31798306311842e+00 4.90801261992075e-02 2.24430090787876e-02 5.76494217090526e-03
5.38749918159055e+00 4.82298365721218e-02 2.22526912991066e-02 5.78105112213072e-03
5.45701530006269e+00 4.72337884288438e-02 2.18309440283910e-02 5.61494790348822e-03
5.52653141853482e+00 4.63514269202741e-02 2.17409704495605e-02 5.62215632267652e-03
5.59604753700696e+00 4.54613022604090e-02 2.15813678476094e-02 5.59689921271797e-03
5.66556365547910e+00 4.44932539072118e-02 2.12751710797084e-02 5.50096986714592e-03
5.73507977395123e+00 4.36936371388609e-02 2.10626162498943e-02 5.46444240275423e-03
5.80459589242337e+00 4.27788252233570e-02 2.08245637381214e-02 5.44469266922309e-03
5.87411201089551e+00 4.19742265519138e-02 2.06408088670511e-02 5.56493445462764e-03
5.94362812936764e+00 4.11356508684449e-02 2.04061047003214e-02 5.35752419693775e-03
6.01314424783978e+00 4.02012594585298e-02 2.02441326181329e-02 5.31590466024154e-03
6.08266036631191e+00 3.93608375880498e-02 2.00680105661494e-02 5.28852488211168e-03
6.15217648478405e+00 3.85113315804443e-02 1.97399740198235e-02 5.32858708662776e-03
6.22169260325619e+00 3.76258394948346e-02 1.95504303331135e-02 5.41492415320525e-03
6.29120872172832e+00 3.67564206071834e-02 1.92708826194126e-02 5.35123544972335e-03
6.36072484020046e+00 3.59279408724152e-02 1.90547488319252e-02 5.35239949798476e-03
6.43024095867259e+00 3.50469979348615e-02 1.87662071836936e-02 5.28604862946622e-03
6.49975707714473e+00 3.42325210794858e-02 1.85459847586367e-02 5.38354930336282e-03
6.56927319561687e+00 3.33417901819909e-02 1.82125411968172e-02 5.28162841580304e-03
6.63878931408900e+00 3.25261295065916e-02 1.80081677591979e-02 5.37559864516518e-03
6.70830543256114e+00 3.17075591926675e-02 1.75807755521903e-02 5.26908646493778e-03
6.77782155103327e+00 3.09747499460005e-02 1.74474410632915e-02 5.29015791375050e-03
6.84733766950541e+00 3.01500089275711e-02 1.71382796044024e-02 5.32665311984086e-03
6.91685378797755e+00 2.93557406767184e-02 1.68427865411735e-02 5.39034691078547e-03
6.98636990644968e+00 2.86122783312628e-02 1.65558051090463e-02 5.29422992598556e-03
7.05588602492182e+00 2.78258120275032e-02 1.62689784023044e-02 5.26327504934787e-03
7.12540214339396e+00 2.71202130537986e-02 1.58963734323506e-02 5.15056713617415e-03
7.19491826186609e+00 2.63780401283066e-02 1.55948645668172e-02 5.09947631223055e-03
7.26443438033823e+00 2.56672253239430e-02 1.53232068623854e-02 5.00450652596898e-03
7.33395049881036e+00 2.49510340207681e-02 1.49488241182770e-02 5.01100008208979e-03
7.40346661728250e+00 2.42280584670799e-02 1.47013810584582e-02 4.94725544496855e-03
7.47298273575464e+00 2.35604519759772e-02 1.44646740431905e-02 4.85588532515853e-03
7.54249885422677e+00 2.28769758863125e-02 1.41112350432883e-02 4.74675032365151e-03
7.61201497269891e+00 2.22311735635968e-02 1.38685878359851e-02 4.74413090900297e-03
7.68153109117104e+00 2.15996451183528e-02 1.35518389379734e-02 4.58829494186132e-03
7.75104720964318e+00 2.09324789274790e-02 1.32851652965099e-02 4.48327066378040e-03
7.82056332811532e+00 2.03574238702085e-02 1.30043236303100e-02 4.50986860848804e-03
7.89007944658745e+00 1.97174902848577e-02 1.26642869825128e-02 4.28066381705726e-03
7.95959556505959e+00 1.90974204739961e-02 1.24443444935385e-02 4.25864603742222e-03
8.02911168353173e+00 1.85295754698382e-02 1.21499613477972e-02 4.11638914861942e-03
8.09862780200386e+00 1.79520086647962e-02 1.19993192926528e-02 4.09902270196939e-03
8.16814392047600e+00 1.73687347318322e-02 1.16968111068820e-02 4.12109914165710e-03
8.23766003894813e+00 1.67924212158718e-02 1.14847987523399e-02 4.05311003047509e-03
8.30717615742027e+00 1.62174219093477e-02 1.12214420219776e-02 3.86435557574058e-03
8.37669227589241e+00 1.56632035988845e-02 1.10247430774989e-02 3.85422981338480e-03
8.44620839436454e+00 1.51086863404418e-02 1.07659118003369e-02 3.80691638905326e-03
8.51572451283668e+00 1.45718192236310e-02 1.06017086046659e-02 3.82647166443726e-03
8.58524063130881e+00 1.40731081796350e-02 1.03848233348538e-02 3.76211684519829e-03
8.65475674978095e+00 1.35173618480852e-02 1.01165624722568e-02 3.79635777422166e-03
8.72427286825309e+00 1.29520084485968e-02 9.84414918233252e-03 3.80646767864750e-03
8.79378898672522e+00 1.24357506342364e-02 9.58720201802067e-03 3.76318624997955e-03
8.86330510519736e+00 1.19418716016517e-02 9.32589725681882e-03 3.76910326694973e-03
8.93282122366950e+00 1.14446056115767e-02 9.02897293488884e-03 3.72538847929598e-03
9.00233734214163e+00 1.09519903586632e-02 8.80619538288747e-03 3.73269630143921e-03
9.07185346061377e+00 1.04743601340611e-02 8.53516301249898e-03 3.72459656879898e-03
9.14136957908590e+00 1.00202272428641e-02 8.19089701117314e-03 3.72587570123747e-03
9.21088569755804e+00 9.61260771516318e-03 7.90623045024614e-03 3.69248107780537e-03
9.28040181603018e+00 9.16373764622415e-03 7.57972229753135e-03 3.72361114490934e-03
9.34991793450231e+00 8.80324827676502e-03 7.29467716283076e-03 3.56939530927144e-03
9.41943405297445e+00 8.42967634911246e-03 7.00289695056426e-03 3.52596086104372e-03
9.48895017144658e+00 8.06922417763410e-03 6.68221277086128e-03 3.39585376494696e-03
9.55846628991872e+00 7.73745929378035e-03 6.43275733002044e-03 3.32639618926240e-03
9.62798240839086e+00 7.44079290274004e-03 6.18248770784063e-03 3.26531466692790e-03
9.69749852686299e+00 7.12215104818066e-03 5.90961346692542e-03 3.13584553576321e-03
9.76701464533513e+00 6.83389379003321e-03 5.65203190539198e-03 3.00662506909453e-03
9.83653076380727e+00 6.55152833836052e-03 5.41522219987643e-03 2.88273838091855e-03
9.90604688227940e+00 6.28413740982047e-03 5.19693742441845e-03 2.81827420788230e-03
9.97556300075154e+00 6.04148217640419e-03 4.99379496357034e-03 2.74845717928552e-03
1.00450791192237e+01 5.78801236134268e-03 4.77776886898514e-03 2.60986554757262e-03
1.01145952376958e+01 5.56592695512413e-03 4.59981884421522e-03 2.55559052679905e-03
1.01841113561679e+01 5.32972593460799e-03 4.38007491138729e-03 2.44047272721215e-03
1.02536274746401e+01 5.11734174760691e-03 4.20348014828869e-03 2.34272523376446e-03
1.03231435931122e+01 4.91186882858148e-03 4.04186063099378e-03 2.27019596141847e-03
1.03926597115844e+01 4.73454516034471e-03 3.87719114073574e-03 2.14569920452122e-03
1.04621758300565e+01 4.53804232718926e-03 3.68593239407149e-03 2.04373121410191e-03
1.05316919485286e+01 4.36198144391331e-03 3.54647416659241e-03 1.99155859429277e-03
1.06012080670008e+01 4.19335597138763e-03 3.40929653429585e-03 1.91401195687187e-03
1.06707241854729e+01 4.00407853696346e-03 3.24553240084290e-03 1.85103138291647e-03
1.07402403039450e+01 3.86427001347590e-03 3.13561810111241e-03 1.78190790502985e-03
1.08097564224172e+01 3.69528626993729e-03 2.99853653318512e-03 1.67986340528873e-03
1.08792725408893e+01 3.56879929526644e-03 2.89578189187336e-03 1.63035978284263e-03
1.09487886593614e+01 3.41554726309658e-03 2.76214529097688e-03 1.55090376146568e-03
1.10183047778336e+01 3.29073262910025e-03 2.66354060712285e-03 1.52932835652638e-03
1.10878208963057e+01 3.15488384189496e-03 2.55456162639925e-03 1.45696714335473e-03
1.11573370147779e+01 3.04265461334481e-03 2.43969776111487e-03 1.40348912046701e-03
1.12268531332500e+01 2.90391752599459e-03 2.32899964482396e-03 1.33185347773663e-03
1.12963692517221e+01 2.79298677391098e-03 2.24133496972453e-03 1.26792141819175e-03
1.13658853701943e+01 2.68008893131207e-03 2.14917709231073e-03 1.22519141768363e-03
1.14354014886664e+01 2.58928820879639e-03 2.06462379303514e-03 1.17166881756158e-03
1.15049176071385e+01 2.48064076845266e-03 1.97899115752476e-03 1.14117590149248e-03
1.15744337256107e+01 2.38587720507319e-03 1.90824960400599e-03 1.06525161997046e-03
1.16439498440828e+01 2.29909422734131e-03 1.83857443679732e-03 1.04894921330677e-03
1.17134659625549e+01 2.19066904356930e-03 1.73859694456780e-03 1.00904945463611e-03
1.17829820810271e+01 2.09969597660153e-03 1.68609333534418e-03 9.54208014193346e-04
1.18524981994992e+01 2.02852538379816e-03 1.60718060879526e-03 9.17005082138599e-04
1.19220143179713e+01 1.95131668477281e-03 1.55276623059807e-03 8.77145944708474e-04
1.19915304364435e+01 1.87342407536227e-03 1.50341305801261e-03 8.25616425248161e-04
1.20610465549156e+01 1.80395053341614e-03 1.41356652503157e-03 7.85465081448521e-04
1.21305626733878e+01 1.71799801195747e-03 1.36535924225336e-03 7.80957194666380e-04
1.22000787918599e+01 1.65531274268218e-03 1.31037936143972e-03 7.38290323257679e-04
1.22695949103320e+01 1.59665217914016e-03 1.26539750370278e-03 6.91461991658818e-04
1.23391110288042e+01 1.53238395726507e-03 1.20803030855017e-03 6.66107050808479e-04
1.24086271472763e+01 1.46398310110120e-03 1.15360942699836e-03 6.54993853150657e-04
1.24781432657484e+01 1.40828815379547e-03 1.11505748213109e-03 6.14380113326013e-04
1.25476593842206e+01 1.35093710226510e-03 1.07015580078106e-03 5.94380445074046e-04
1.26171755026927e+01 1.29373775041011e-03 1.02506570333755e-03 5.71229806573677e-04
1.26866916211648e+01 1.24765959336698e-03 9.77573568326416e-04 5.47041239052699e-04
1.27562077396370e+01 1.19545179099281e-03 9.25345742189928e-04 5.26078055190631e-04
1.28257238581091e+01 1.14474164209112e-03 8.99090891084706e-04 5.06696847761913e-04
1.28952399765813e+01 1.09806630396309e-03 8.61278122291103e-04 4.71498154919506e-04
1.29647560950534e+01 1.05801567317212e-03 8.29870764132166e-04 4.72230689657192e-04
1.30342722135255e+01 1.02128151471262e-03 8.10422982470123e-04 4.48846026858305e-04
1.31037883319977e+01 9.75424284768382e-04 7.67974648349934e-04 4.16306673572081e-04
1.31733044504698e+01 9.38734463412987e-04 7.35217233382248e-04 3.96174758386744e-04
1.32428205689419e+01 8.90266347675672e-04 7.08123455813421e-04 4.01119028618622e-04
1.33123366874141e+01 8.53663006737630e-04 6.65598499321727e-04 3.74776880129412e-04
1.33818528058862e+01 8.28843936825415e-04 6.57227755765266e-04 3.64245463190575e-04
1.34513689243583e+01 7.96209756794407e-04 6.18955354160598e-04 3.51503426569544e-04
1.35208850428305e+01 7.69513143632697e-04 6.05481443442587e-04 3.34568060764217e-04
1.35904011613026e+01 7.37131179802222e-04 5.96012507838772e-04 3.11554873288878e-04
1.36599172797748e+01 6.95966978930757e-04 5.45908910907243e-04 3.03325015824648e-04
1.37294333982469e+01 6.70727094119433e-04 5.27085272932638e-04 2.83651714948222e-04
1.37989495167190e+01 6.51711909401244e-04 5.13530809067071e-04 2.67391874057667e-04
1.38684656351912e+01 6.22224902582415e-04 4.90241321576188e-04 2.74057975231456e-04
1.39379817536633e+01 5.93402999247053e-04 4.63882390842566e-04 2.46735117519135e-04
1.40074978721354e+01 5.70519334451481e-04 4.50586122936587e-04 2.50802075210983e-04
1.40770139906076e+01 5.48493736855961e-04 4.33689892592007e-04 2.41386168487866e-04
1.41465301090797e+01 5.27255683467523e-04 4.13245247623889e-04 2.37499081772730e-04
1.42160462275518e+01 4.99142740482478e-04 3.89616729150120e-04 2.23074479543013e-04
1.42855623460240e+01 4.82245664707542e-04 3.89084749160443e-04 2.14000671879151e-04
1.43550784644961e+01 4.62851587746815e-04 3.63044175370803e-04 1.95794220364639e-04
1.44245945829683e+01 4.44412458031450e-04 3.50686995583610e-04 2.00601374743678e-04
1.44941107014404e+01 4.22915703050977e-04 3.37003747875101e-04 1.89583006908434e-04
1.45636268199125e+01 4.07568140590004e-04 3.25796672471852e-04 1.86915755290953e-04
1.46331429383847e+01 3.92997961726028e-04 3.13910741531275e-04 1.80401658495096e-04
1.47026590568568e+01 3.71733437220903e-04 2.93922906969609e-04 1.61481292761025e-04
1.47721751753289e+01 3.58032112097876e-04 2.80521160376582e-04 1.49164022991521e-04
1.48416912938011e+01 3.44446878502439e-04 2.65618543076435e-04 1.48777738211155e-04
1.49112074122732e+01 3.35856954392573e-04 2.68794841825034e-04 1.45577511056605e-04
1.49807235307453e+01 3.20098322305202e-04 2.57380756914266e-04 1.33018810982532e-04
1.50502396492175e+01 3.07516851659077e-04 2.45373454695206e-04 1.24692725071491e-04
1.51197557676896e+01 2.97498403265591e-04 2.38184196662594e-04 1.25625865700646e-04
1.51892718861617e+01 2.84931378303540e-04 2.21853737811218e-04 1.22049183344272e-04
1.52587880046339e+01 2.71490269700299e-04 2.15804566090908e-04 1.15782571693103e-04
1.53283041231060e+01 2.57927944808484e-04 2.03749971175237e-04 1.11482057473487e-04
1.53978202415782e+01 2.49695214887788e-04 1.96128974059548e-04 1.11412861072814e-04
1.54673363600503e+01 2.38684324957963e-04 1.85262247101567e-04 1.00988440109932e-04
1.55368524785224e+01 2.31446624723549e-04 1.86423230699666e-04 1.08907905732484e-04
1.56063685969946e+01 2.18403883924924e-04 1.70904164775661e-04 9.22099547126371e-05
1.56758847154667e+01 2.15266699744820e-04 1.75972715236432e-04 9.66618696448286e-05
1.57454008339388e+01 2.04531180104514e-04 1.65094184903529e-04 8.65192027727155e-05
1.58149169524110e+01 1.94265977241295e-04 1.53886001454243e-04 8.36542626233970e-05
1.58844330708831e+01 1.87114780874491e-04 1.45558262835058e-04 7.62680424359182e-05
1.59539491893552e+01 1.77846754964056e-04 1.44410988775633e-04 8.03005110624282e-05
1.60234653078274e+01 1.72513122297729e-04 1.37540192638446e-04 6.91625963158959e-05
1.60929814262995e+01 1.61645083656361e-04 1.31571184981926e-04 7.46753787980563e-05
1.61624975447717e+01 1.57838077999590e-04 1.29633333079881e-04 6.96579049808732e-05
1.62320136632438e+01 1.50584645455527e-04 1.22029264379262e-04 7.20414939747949e-05
1.63015297817159e+01 1.44740589662212e-04 1.16796997788162e-04 6.34771750416781e-05
1.63710459001881e+01 1.36089575395238e-04 1.11935246072497e-04 6.33409332394550e-05
1.64405620186602e+01 1.32490187102906e-04 1.04595462089996e-04 6.03349762995234e-05
1.65100781371323e+01 1.29543852147513e-04 1.02306009236562e-04 5.46330573504047e-05
1.65795942556045e+01 1.22641747937263e-04 1.00283123300834e-04 5.94921293488710e-05
1.66491103740766e+01 1.17919678865125e-04 9.54423124524689e-05 5.37696577688839e-05
1.67186264925487e+01 1.14531283994937e-04 9.25106920093122e-05 5.34523342725838e-05
1.67881426110209e+01 1.07751797958219e-04 8.73635708241889e-05 4.59837556412019e-05
1.68576587294930e+01 1.04959999555402e-04 8.46059116478504e-05 4.83614030309317e-05
1.69271748479652e+01 9.95810512930098e-05 8.30732542647599e-05 4.47552489489615e-05
1.69966909664373e+01 9.48177595684405e-05 7.71736540047823e-05 4.22549436853622e-05
1.70662070849094e+01 8.97260802435339e-05 7.39853631805777e-05 3.95973844304555e-05
1.71357232033816e+01 8.78294712558723e-05 7.25562714060381e-05 3.87772328369942e-05
1.72052393218537e+01 8.60218251510857e-05 7.01295790772787e-05 4.01115689816150e-05
1.72747554403258e+01 8.04722168384918e-05 6.40614224764263e-05 3.39004702170657e-05
1.73442715587980e+01 7.60505741146920e-05 5.95543352753098e-05 3.06466772826843e-05
1.74137876772701e+01 7.45656587574130e-05 6.10611043599886e-05 3.61526925358751e-05
1.74833037957422e+01 7.08391850968647e-05 5.87129203182144e-05 3.26254184747840e-05
1.75528199142144e+01 6.70018781698853e-05 5.80835550626126e-05 3.32802929955407e-05
1.76223360326865e+01 6.58072652721925e-05 5.45468094554902e-05 3.11628185750502e-05
1.76918521511586e+01 6.24173290015485e-05 5.21877273005276e-05 3.02311578266958e-05
1.77613682696308e+01 5.80624110575108e-05 4.80030386068063e-05 2.71259323964820e-05
1.78308843881029e+01 5.66999702864737e-05 4.82391491645751e-05 2.87882658068072e-05
1.79004005065751e+01 5.33709611135514e-05 4.53586299923762e-05 2.53604095912483e-05
1.79699166250472e+01 5.32563171722616e-05 4.36140731710645e-05 2.62001624058994e-05
1.80394327435193e+01 5.07036616698912e-05 4.21676985342559e-05 2.57632519293372e-05
1.81089488619915e+01 4.81159385070418e-05 3.94113483014400e-05 1.93057146375188e-05
1.81784649804636e+01 4.65280256503425e-05 3.95808751924705e-05 2.06746725260529e-05
1.82479810989357e+01 4.52943295056707e-05 3.78741417262808e-05 1.86460084914545e-05
1.83174972174079e+01 4.29226762071393e-05 3.62318477609426e-05 1.91068427663466e-05
1.83870133358800e+01 4.03141382528306e-05 3.28768786726842e-05 2.05249286486974e-05
1.84565294543521e+01 3.97247044962272e-05 3.27599893763745e-05 2.09617074939543e-05
1.85260455728243e+01 3.76224786076333e-05 3.03762800479718e-05 1.67452338121399e-05
1.85955616912964e+01 3.55282584367313e-05 3.08038340613230e-05 1.65179046639798e-05
1.86650778097686e+01 3.42744186053764e-05 2.90129401741288e-05 1.64459493315927e-05
1.87345939282407e+01 3.17513175369308e-05 2.76455819196291e-05 1.56446695951768e-05
1.88041100467128e+01 3.30527219558466e-05 2.90016901186754e-05 1.62295499675463e-05
1.88736261651850e+01 2.97687760886292e-05 2.43070831764396e-05 1.59159638857930e-05
1.89431422836571e+01 2.85242180104531e-05 2.40350415444279e-05 1.39343944958713e-05
1.90126584021292e+01 2.75042607335560e-05 2.26779832983187e-05 1.13301608129462e-05
1.90821745206014e+01 2.68174353641047e-05 2.33058113063981e-05 1.18304627620875e-05
1.91516906390735e+01 2.38431175215632e-05 2.00768691968795e-05 1.20380569342601e-05
1.92212067575456e+01 2.42593367989742e-05 2.06705299502459e-05 1.24140210767187e-05
1.92907228760178e+01 2.31783998398976e-05 2.07754013449558e-05 9.41238461364719e-06
1.93602389944899e+01 2.26245369503210e-05 1.82513316577272e-05 1.00260700884183e-05
1.94297551129621e+01 2.21597610398245e-05 1.78250637477634e-05 9.42031349688409e-06
1.94992712314342e+01 2.01221293531718e-05 1.78740542216588e-05 8.97000655327171e-06
1.95687873499063e+01 1.92516834383409e-05 1.72562724657453e-05 9.44321088439052e-06
1.96383034683785e+01 1.95313800204982e-05 1.50955385104688e-05 7.04111119058078e-06
1.97078195868506e+01 1.84599483295589e-05 1.72127946524783e-05 1.04291146936303e-05
1.97773357053227e+01 1.76942596389896e-05 1.64902736357662e-05 1.03491363237310e-05
1.98468518237949e+01 1.74049152771212e-05 1.44166947581142e-05 8.60019165213642e-06
1.99163679422670e+01 1.54941550344845e-05 1.36120772287700e-05 7.46863401269051e-06
1.99858840607391e+01 1.54135541887865e-05 1.23250512012297e-05 6.72973795904018e-06
2.00554001792113e+01 1.44338415493019e-05 1.29082230448920e-05 8.57186017350013e-06
2.01249162976834e+01 1.40668402433030e-05 1.22201933432779e-05 6.17722414635623e-06
2.01944324161556e+01 1.28901750717248e-05 1.23310317159646e-05 6.97597494494227e-06
2.02639485346277e+01 1.26763035922119e-05 1.03681511028334e-05 6.65075583410348e-06
2.03334646530998e+01 1.17613491230304e-05 1.03363755403124e-05 5.18858403382528e-06
2.04029807715720e+01 1.21977836439277e-05 9.93848658988012e-06 5.36298010744627e-06
2.04724968900441e+01 1.17107464576778e-05 9.96356667395584e-06 6.11433439598221e-06
2.05420130085162e+01 1.04318929628624e-05 8.03149958008936e-06 3.84509417798487e-06
2.06115291269884e+01 9.60100032387430e-06 8.37853632224040e-06 5.51271694173822e-06
2.06810452454605e+01 9.80628279848521e-06 8.78010275337921e-06 5.62165722983871e-06
2.07505613639326e+01 9.44246155520657e-06 8.47042487738296e-06 4.59443651959608e-06
2.08200774824048e+01 9.12192005590290e-06 7.08357027013916e-06 3.81603124771802e-06
2.08895936008769e+01 8.59263993527669e-06 7.32420261149775e-06 3.66490256931752e-06
2.09591097193491e+01 8.31652302347498e-06 6.66034088182276e-06 3.84334390314329e-06
2.10286258378212e+01 8.27139467517430e-06 6.76664917105600e-06 2.93780907334620e-06
2.10981419562933e+01 7.60005931173278e-06 7.08434100129377e-06 3.61286775567306e-06
2.11676580747655e+01 7.68137184688724e-06 6.12029196191197e-06 4.36751130030198e-06
2.12371741932376e+01 7.27338402632648e-06 6.46987799698037e-06 4.06232545178539e-06
2.13066903117097e+01 6.94985635439259e-06 6.03671379303070e-06 2.92832041665956e-06
2.13762064301819e+01 6.91780353344142e-06 6.42266719058311e-06 3.97400328469427e-06
2.14457225486540e+01 6.46133049254984e-06 5.80401437128852e-06 2.71425583229344e-06
2.15152386671261e+01 6.13040711587594e-06 6.26045858555169e-06 4.15096792245585e-06
2.15847547855983e+01 5.58382003722460e-06 4.75667153854959e-06 2.23545809686204e-06
2.16542709040704e+01 5.65728774793621e-06 4.85166524131754e-06 3.13052045789487e-06
2.17237870225425e+01 4.92805393765808e-06 4.99328120689556e-06 3.26993354314756e-06
2.17933031410147e+01 4.97154688013587e-06 4.35975900372907e-06 1.99654857476399e-06
2.18628192594868e+01 4.91235945850769e-06 4.64879445207001e-06 2.29960980889260e-06
2.19323353779590e+01 4.58715359505379e-06 4.70961421335032e-06 2.34567375621358e-06
2.20018514964311e+01 4.52878620530978e-06 3.94587110502363e-06 2.00269468714761e-06
2.20713676149032e+01 4.05213207151950e-06 3.94210188579914e-06 2.72755440069506e-06
2.21408837333754e+01 3.92347564568136e-06 3.46142269561592e-06 2.35505351776295e-06
2.22103998518475e+01 3.88680615360577e-06 3.91448184140108e-06 2.58191782382743e-06
2.22799159703196e+01 3.12897180344630e-06 2.96724053360583e-06 1.28836429906838e-06
2.23494320887918e+01 3.59068843875431e-06 3.18536665905764e-06 1.92564360831568e-06
2.24189482072639e+01 3.36231326659878e-06 3.23875838150087e-06 1.84607202255630e-06
2.24884643257360e+01 3.31666533138212e-06 2.87821835342868e-06 1.50398638636723e-06
2.25579804442082e+01 3.03895378090684e-06 2.90467442779701e-06 1.82081793197743e-06
2.26274965626803e+01 2.56049050763994e-06 2.56573245671069e-06 1.82236359444934e-06
2.26970126811525e+01 2.52637071602205e-06 2.31842322999410e-06 1.43454576215555e-06
2.27665287996246e+01 2.60290946048790e-06 2.00132582996742e-06 1.10569382915961e-06
2.28360449180967e+01 2.56884102461421e-06 2.39022629712151e-06 1.89443997937096e-06
2.29055610365689e+01 2.68517153420446e-06 2.48157942384985e-06 1.88014107737513e-06
2.29750771550410e+01 2.40099059997685e-06 2.80195603017299e-06 1.66196569330398e-06
2.30445932735131e+01 2.18759689580513e-06 1.81300838624946e-06 8.29938301771551e-07
2.31141093919853e+01 2.25412276090960e-06 2.10650764205357e-06 1.48020063033429e-06
2.31836255104574e+01 2.24078169958014e-06 2.00833794461036e-06 1.11229415858225e-06
2.32531416289295e+01 2.15787668549963e-06 1.77383430027384e-06 7.62744771464875e-07
2.33226577474017e+01 1.83692073356159e-06 1.85578640596033e-06 1.04169292474962e-06
2.33921738658738e+01 1.78461656893541e-06 1.30990856159859e-06 5.94277317455493e-07
2.34616899843460e+01 1.73247154422540e-06 1.72316569707356e-06 9.64570856962935e-07
2.35312061028181e+01 1.68048459187092e-06 1.62987235004516e-06 1.29699800800598e-06
2.36007222212902e+01 1.45098323795271e-06 1.18269939844553e-06 7.06155046437923e-07
2.36702383397624e+01 1.56712455722721e-06 1.49202085203179e-06 8.01746837155013e-07
2.37397544582345e+01 1.32862788916688e-06 1.11781893075240e-06 8.74975277676898e-07
2.38092705767066e+01 1.40530534967038e-06 1.55133917831445e-06 8.51683833071214e-07
2.38787866951788e+01 1.16774640960696e-06 1.17932574375265e-06 4.85399799589987e-07
2.39483028136509e+01 1.32283021253663e-06 1.14939247355961e-06 1.02942647139601e-06
2.40178189321230e+01 1.20349983634550e-06 1.10076204543796e-06 7.88996880515383e-07
2.40873350505952e+01 1.22130277392072e-06 1.05813672332491e-06 9.83168273850562e-07
2.41568511690673e+01 1.16100611428751e-06 1.27086265921925e-06 9.95157854314623e-07
2.42263672875394e+01 1.11062746765347e-06 1.33158387963926e-06 9.10305344935130e-07
2.42958834060116e+01 9.43654671508168e-07 1.14464338814073e-06 6.70782817063502e-07
2.43653995244837e+01 1.15602679421066e-06 1.18264455401013e-06 6.38602801437196e-07
2.44349156429559e+01 9.31265508813820e-07 1.14196433018295e-06 4.44679280458599e-07
2.45044317614280e+01 9.88065103324943e-07 8.99720458792360e-07 6.35558347344603e-07
2.45739478799001e+01 8.31895341179860e-07 1.14685478663121e-06 8.74863702871965e-07
2.46434639983723e+01 8.21061627824298e-07 8.78052964343867e-07 4.41508986152532e-07
2.47129801168444e+01 7.71676250573411e-07 6.62098222991986e-07 2.22397095415257e-07
2.47824962353165e+01 7.60960780707244e-07 7.73868216734431e-07 2.81044970869560e-07
2.48520123537887e+01 7.02182152984824e-07 7.10454435883001e-07 4.77859002440179e-07
2.49215284722608e+01 4.70669926599133e-07 5.06594529159965e-07 6.48016433839945e-07
2.49910445907329e+01 6.61857650586352e-07 7.98257879446322e-07 4.76336073485038e-07
2.50605607092051e+01 5.74729601156103e-07 6.28754183664777e-07 1.10692921182666e-07
2.51300768276772e+01 6.02630833642383e-07 7.68497796425858e-07 5.21993088759763e-08
2.51995929461494e+01 5.73141947291129e-07 7.22158853586822e-07 2.58257761449383e-07
2.52691090646215e+01 4.76960865437085e-07 5.66629508139258e-07 2.99436031321402e-07
2.53386251830936e+01 4.28675533895101e-07 4.18958888460145e-07 1.53665889716931e-07
2.54081413015658e+01 5.04193368137560e-07 5.23409794621294e-07 4.14798932658529e-07
2.54776574200379e+01 5.60505620835729e-07 3.93873949827954e-07 5.94753464278319e-07
2.55471735385100e+01 3.88973607724539e-07 4.51399128183745e-07 1.55807647796588e-07
2.56166896569822e+01 4.64239707475971e-07 3.27999564751390e-07 2.37832844423864e-07
2.56862057754543e+01 4.73072532644190e-07 3.24716986406972e-07 3.04091023983686e-08
2.57557218939264e+01 3.49600920836146e-07 9.80772313048431e-08 -1.16228133167714e-07
2.58252380123986e+01 3.30258181543277e-07 2.93835422093076e-07 2.34511616739859e-07
2.58947541308707e+01 4.33470596185549e-07 3.74292436532391e-07 4.17959887461170e-07
2.59642702493429e+01 3.57604720927977e-07 3.63627537280448e-07 4.47288220676493e-07
2.60337863678150e+01 2.25553868776697e-07 1.88337480428542e-07 1.00145917736853e-07
2.61033024862871e+01 2.53409996824049e-07 3.63220995447804e-07 2.74105146564680e-07
2.61728186047593e+01 2.90565570938398e-07 3.46991530198048e-07 1.48853930066861e-07
2.62423347232314e+01 1.77852540409734e-07 1.45464656735119e-07 1.00917275692492e-07
2.63118508417035e+01 3.27190023102469e-07 3.35977412294364e-07 1.34961210386581e-07
2.63813669601757e+01 2.42735003345102e-07 2.56552226612438e-07 1.46070456243749e-07
2.64508830786478e+01 1.77150025983747e-07 1.81811868772793e-07 1.21329120427710e-07
2.65203991971199e+01 2.88655191442443e-07 4.81029909352149e-07 4.61857617765698e-07
2.65899153155921e+01 2.41781227541155e-07 2.19834931502804e-07 3.10595884610563e-09
2.66594314340642e+01 1.76455771088178e-07 1.26490926432683e-07 9.70042383692641e-08
2.67289475525364e+01 2.13326404644384e-07 2.72130291837662e-07 8.08136071159355e-08
2.67984636710085e+01 1.57471396937468e-07 1.47282071253279e-07 1.76358701546615e-07
2.68679797894806e+01 1.57267550383487e-07 2.11478600103913e-07 2.10988295388012e-07
2.69374959079528e+01 1.57064493422906e-07 1.92357809003818e-07 1.59716111635399e-07
2.70070120264249e+01 1.29180652564689e-07 1.83805614220615e-07 2.84381979431695e-08
2.70765281448970e+01 1.75091401871618e-07 2.41626134582833e-07 6.55118303108071e-08
2.71460442633692e+01 1.74867069426041e-07 1.35291890555937e-07 7.07291278178486e-08
2.72155603818413e+01 1.83835365306889e-07 8.71379631554653e-08 9.46752131330477e-08
2.72850765003134e+01 1.46880824620240e-07 2.63283878131781e-07 1.67076938005523e-07
2.73545926187856e+01 9.16837950411627e-08 5.06094548627218e-08 5.42584699053601e-08
2.74241087372577e+01 1.09881022535994e-07 9.99917305077544e-08 5.08749134341652e-08
2.74936248557298e+01 1.37177525692883e-07 1.72843682373032e-07 1.04117742000898e-07
2.75631409742020e+01 1.18737173493722e-07 1.09055527039618e-07 1.20225954976758e-07
2.76326570926741e+01 1.27709857160573e-07 1.40115957570457e-07 -1.66022814308744e-09
2.77021732111463e+01 7.28854390249325e-08 1.20260974391139e-08 7.16463865615087e-08
2.77716893296184e+01 1.18290511696813e-07 9.33585115391770e-08 -4.70705243852010e-08
2.78412054480905e+01 9.99669345706683e-08 9.26966120564380e-09 -9.69679265335482e-09
2.79107215665627e+01 4.53828932424581e-08 4.19337933560313e-08 3.21946244661998e-08
2.79802376850348e+01 9.06529638353617e-08 1.56648321507505e-07 8.12794473747853e-08
2.80497538035069e+01 8.14865047750371e-08 5.16081196908568e-08 -8.65658302393477e-08
2.81192699219791e+01 8.13857174702020e-08 1.32930005201330e-07 7.82659316338442e-08
2.81887860404512e+01 8.12853032216366e-08 1.02419482059262e-07 -1.00522824984090e-08
2.82583021589233e+01 5.41235064890720e-08 6.06183272677606e-08 -4.46518928534844e-08
2.83278182773955e+01 4.50475470722852e-08 6.54090383489581e-08 3.97409460271700e-08
2.83973343958676e+01 5.39908506364417e-08 2.91550593436785e-08 -7.11059502881937e-08
2.84668505143398e+01 6.29123686878270e-08 5.76996295679785e-08 1.56831547657512e-08
2.85363666328119e+01 4.48826378656720e-08 5.87064903282990e-08 -1.94341821958360e-08
2.86058827512840e+01 6.27592970043460e-08 9.95183138211773e-08 2.25305876245603e-08
2.86753988697562e+01 8.95473985272198e-08 9.77857591917240e-08 -2.22256643144559e-08
2.87449149882283e+01 9.83829584955481e-08 4.45406484825300e-08 -2.88619824604667e-08
2.88144311067004e+01 5.35986600883604e-08 9.11177221502126e-08 2.35298117787902e-08
2.88839472251726e+01 2.67670611221287e-08 2.51610374548010e-08 5.05094443374569e-08
2.89534633436447e+01 4.45581808075852e-08 6.79066675507598e-08 4.82921563592608e-08
2.90229794621168e+01 2.67028714347153e-08 4.96673408685704e-08 1.27906754172286e-08
2.90924955805890e+01 1.77806328544798e-08 3.09383011667948e-08 1.26242493266807e-09
2.91620116990611e+01 1.77594275602870e-08 2.77047069940477e-08 6.21579964610051e-10
2.92315278175333e+01 3.54765959085601e-08 7.55651492852330e-08 4.61550512770367e-08
2.93010439360054e+01 3.54344871745409e-08 1.70085538437796e-08 3.95094531996131e-08
2.93705600544775e+01 1.76962640137931e-08 2.33590684982069e-08 -1.59443338764276e-08
2.94400761729497e+01 4.41883969801666e-08 2.06801697867180e-08 8.96759328315501e-08
2.95095922914218e+01 8.82726374197712e-09 -1.95965255071892e-08 1.41854128333572e-08
2.95791084098939e+01 8.81688482746260e-09 1.63994057790804e-08 3.37686688891818e-09
2.96486245283661e+01 4.40327121850420e-08 3.43455155043328e-08 -1.31217482311426e-09
2.97181406468382e+01 1.75924727137968e-08 2.21665156193839e-08 9.69345246530202e-09
2.97876567653103e+01 2.63578991254892e-08 3.21566369330968e-08 3.77181536485750e-08
2.98571728837825e+01 1.75514645631226e-08 -7.37161511651147e-09 6.09035820340353e-09
2.99266890022546e+01 1.75310677351244e-08 3.26077859873313e-08 1.00803639476965e-08
2.99962051207267e+01 5.25322255579641e-08 2.73167572901413e-08 8.58901887872712e-08
3.00657212391989e+01 4.37262162634656e-08 6.13916076339057e-08 8.03425497624917e-08
3.01352373576710e+01 1.74703012863066e-08 -2.09643615435678e-09 6.26659707139817e-08
3.02047534761432e+01 1.74501857916837e-08 2.82693009825276e-08 -5.46190815279700e-09
3.02742695946153e+01 8.71506981051614e-09 -9.93517958398840e-09 -1.23492539215014e-08
3.03437857130874e+01 0.00000000000000e+00 0.00000000000000e+00 0.00000000000000e+00
3.04133018315596e+01 0.00000000000000e+00 0.00000000000000e+00 0.00000000000000e+00
3.04828179500317e+01 8.68520654802512e-09 2.24078328939048e-08 2.64638243518326e-08
3.05523340685038e+01 1.73506402801981e-08 1.56155762521783e-08 -3.14567108279991e-08
3.06218501869760e+01 1.73309348334311e-08 -9.35870481005279e-09 -1.83187981189367e-08
3.06913663054481e+01 0.00000000000000e+00 0.00000000000000e+00 0.00000000000000e+00
3.07608824239202e+01 8.64586226169705e-09 -7.78127603552734e-09 -1.57786986275971e-08
3.08303985423924e+01 0.00000000000000e+00 0.00000000000000e+00 0.00000000000000e+00
3.08999146608645e+01 0.00000000000000e+00 0.00000000000000e+00 0.00000000000000e+00
3.09694307793367e+01 8.61670244082017e-09 2.42991008831129e-08 3.55611309732648e-08
3.10389468978088e+01 2.58211436076817e-08 3.56331781786007e-08 4.02551628843758e-08
3.11084630162809e+01 0.00000000000000e+00 0.00000000000000e+00 0.00000000000000e+00
3.11779791347531e+01 2.57635070545413e-08 -2.57635070545412e-09 -4.24840231329385e-08
3.12474952532252e+01 8.57827771228642e-09 1.90437765212759e-08 1.37852922836443e-08
3.13170113716973e+01 0.00000000000000e+00 0.00000000000000e+00 0.00000000000000e+00
3.13865274901695e+01 8.55925711745811e-09 1.69473290925671e-08 6.56495020909038e-09
3.14560436086416e+01 0.00000000000000e+00 0.00000000000000e+00 0.00000000000000e+00
3.15255597271137e+01 1.70807249741812e-08 4.91924879256417e-08 7.54114007610098e-08
3.15950758455859e+01 0.00000000000000e+00 0.00000000000000e+00 0.00000000000000e+00
3.16645919640580e+01 0.00000000000000e+00 0.00000000000000e+00 0.00000000000000e+00
3.17341080825302e+01 8.51225370271186e-09 1.88972032200203e-08 1.36791917002580e-08
3.18036242010023e+01 0.00000000000000e+00 0.00000000000000e+00 0.00000000000000e+00
3.18731403194744e+01 1.69873359475248e-08 3.77118858035050e-08 3.23948496519298e-08
3.19426564379466e+01 0.00000000000000e+00 0.00000000000000e+00 0.00000000000000e+00
3.20121725564187e+01 8.47520345632813e-09 -6.61065869593594e-09 -1.68910804884620e-08
3.20816886748908e+01 0.00000000000000e+00 0.00000000000000e+00 0.00000000000000e+00
3.21512047933630e+01 8.45685883859255e-09 2.08038727429377e-08 2.15057920265409e-08
3.22207209118351e+01 1.68954621751821e-08 3.34530151068606e-08 2.28933512473718e-08
3.22902370303072e+01 8.43863282852952e-09 1.46832211216414e-08 1.94088555056185e-10
3.23597531487794e+01 0.00000000000000e+00 0.00000000000000e+00 0.00000000000000e+00
3.24292692672515e+01 0.00000000000000e+00 0.00000000000000e+00 0.00000000000000e+00
3.24987853857237e+01 0.00000000000000e+00 0.00000000000000e+00 0.00000000000000e+00
3.25683015041958e+01 0.00000000000000e+00 0.00000000000000e+00 0.00000000000000e+00
3.26378176226679e+01 0.00000000000000e+00 0.00000000000000e+00 0.00000000000000e+00
3.27073337411401e+01 8.38465381300646e-09 1.25769807195097e-08 -5.24040863312904e-09
3.27768498596122e+01 0.00000000000000e+00 0.00000000000000e+00 0.00000000000000e+00
3.28463659780843e+01 8.36688969598961e-09 1.75704683615782e-08 9.83109539278779e-09
3.29158820965565e+01 0.00000000000000e+00 0.00000000000000e+00 0.00000000000000e+00
3.29853982150286e+01 0.00000000000000e+00 0.00000000000000e+00 0.00000000000000e+00
3.30549143335007e+01 0.00000000000000e+00 0.00000000000000e+00 0.00000000000000e+00
3.31244304519729e+01 0.00000000000000e+00 0.00000000000000e+00 0.00000000000000e+00
3.31939465704450e+01 0.00000000000000e+00 0.00000000000000e+00 0.00000000000000e+00
3.32634626889172e+01 0.00000000000000e+00 0.00000000000000e+00 0.00000000000000e+00
3.33329788073893e+01 0.00000000000000e+00 0.00000000000000e+00 0.00000000000000e+00
3.34024949258614e+01 0.00000000000000e+00 0.00000000000000e+00 0.00000000000000e+00
3.34720110443336e+01 0.00000000000000e+00 0.00000000000000e+00 0.00000000000000e+00
3.35415271628057e+01 8.27973221824814e-09 1.73874376583211e-08 9.72868535644158e-09
3.36110432812778e+01 0.00000000000000e+00 0.00000000000000e+00 0.00000000000000e+00
3.36805593997500e+01 0.00000000000000e+00 0.00000000000000e+00 0.00000000000000e+00
3.37500755182221e+01 0.00000000000000e+00 0.00000000000000e+00 0.00000000000000e+00
3.38195916366942e+01 0.00000000000000e+00 0.00000000000000e+00 0.00000000000000e+00
3.38891077551664e+01 0.00000000000000e+00 0.00000000000000e+00 0.00000000000000e+00
3.39586238736385e+01 0.00000000000000e+00 0.00000000000000e+00 0.00000000000000e+00
3.40281399921106e+01 0.00000000000000e+00 0.00000000000000e+00 0.00000000000000e+00
3.40976561105828e+01 0.00000000000000e+00 0.00000000000000e+00 0.00000000000000e+00
3.41671722290549e+01 0.00000000000000e+00 0.00000000000000e+00 0.00000000000000e+00
3.42366883475271e+01 0.00000000000000e+00 0.00000000000000e+00 0.00000000000000e+00
3.43062044659992e+01 0.00000000000000e+00 0.00000000000000e+00 0.00000000000000e+00
3.43757205844713e+01 0.00000000000000e+00 0.00000000000000e+00 0.00000000000000e+00
3.44452367029435e+01 0.00000000000000e+00 0.00000000000000e+00 0.00000000000000e+00
3.45147528214156e+01 0.00000000000000e+00 0.00000000000000e+00 0.00000000000000e+00
3.45842689398877e+01 0.00000000000000e+00 0.00000000000000e+00 0.00000000000000e+00
3.46537850583599e+01 0.00000000000000e+00 0.00000000000000e+00 0.00000000000000e+00
3.47233011768320e+01 0.00000000000000e+00 0.00000000000000e+00 0.00000000000000e+00
