Energy(eV)           EEDF(eV^-(3/2))      First Anisotropy     Second Anisotropy    
1.39913361411237e-03 9.23639268428296e+00 7.82185707479036e-02 1.55129231093906e-01
4.19740084233712e-03 9.75129881539396e+00 1.12739917437981e-01 -4.52911095258668e-02
6.99566807056186e-03 9.77652305354721e+00 1.50846280986105e-01 -4.79430590829687e-02
9.79393529878660e-03 9.74512326702015e+00 1.73212878203828e-01 3.51418786323221e-02
1.25922025270113e-02 9.79552745967912e+00 1.79562199960435e-01 -5.69014486238563e-02
1.53904697552361e-02 9.75664367593213e+00 1.94126930021325e-01 3.78617025043851e-02
1.81887369834608e-02 9.76828291931172e+00 1.72826952627797e-01 3.08724038720337e-02
2.09870042116856e-02 9.75134290111997e+00 2.11626736036736e-01 9.57843024612781e-03
2.37852714399103e-02 9.72809508807544e+00 1.87917598936081e-01 -1.54411141387342e-02
2.65835386681351e-02 9.73773747665268e+00 2.16633325777917e-01 1.59787517142041e-02
2.93818058963598e-02 9.72742506662747e+00 2.02296560307069e-01 3.88545059098317e-02
3.21800731245845e-02 9.70914009529924e+00 2.31110919466657e-01 -3.66243078711811e-03
3.49783403528093e-02 9.68868993585936e+00 2.19252000353519e-01 7.03364710677674e-02
3.77766075810340e-02 9.67019933894847e+00 2.01382772936523e-01 4.42006917617804e-02
4.05748748092588e-02 9.68402025761759e+00 2.19166088328976e-01 3.51528132788711e-02
4.33731420374835e-02 9.65527153811648e+00 2.18654925893673e-01 5.32876673496913e-02
4.61714092657083e-02 9.65584584394796e+00 2.02056165860479e-01 5.90242237925781e-02
4.89696764939330e-02 9.63824600523173e+00 2.13283520639111e-01 4.79891985753100e-02
5.17679437221578e-02 9.60892854249257e+00 2.08175685326766e-01 8.05581260439048e-02
5.45662109503825e-02 9.59946211337843e+00 2.14914710091067e-01 6.70263137645528e-02
5.73644781786072e-02 9.58737865612337e+00 2.04291527977199e-01 8.10546172085268e-02
6.01627454068320e-02 9.56088588410479e+00 2.11023485973917e-01 1.12116285124674e-01
6.29610126350567e-02 9.57361815126780e+00 2.12742079841288e-01 2.94870116668837e-02
6.57592798632815e-02 9.55365691814951e+00 2.20333373668758e-01 3.97059533070868e-02
6.85575470915062e-02 9.51748268261463e+00 2.05588741608717e-01 6.86072928237873e-02
7.13558143197310e-02 9.51955484746990e+00 2.07708354313336e-01 8.74334330291467e-02
7.41540815479557e-02 9.51100060288069e+00 1.98840212268175e-01 5.53497984505248e-02
7.69523487761804e-02 9.51687154890486e+00 2.05391897375634e-01 7.22031048410024e-03
7.97506160044052e-02 9.50877232317324e+00 2.19097093662410e-01 1.37621472950307e-02
8.25488832326299e-02 9.50322902085290e+00 2.07406570000928e-01 2.11975953562685e-02
8.53471504608547e-02 9.47550335591508e+00 1.84906730964023e-01 1.55283284991715e-02
8.81454176890794e-02 9.48599849606476e+00 1.86801190042017e-01 -2.63712989887177e-02
9.09436849173042e-02 9.48700054046036e+00 2.07858890999065e-01 -2.97949800989621e-02
9.37419521455289e-02 9.45490681152710e+00 1.94360965304157e-01 -1.35083870680286e-02
9.65402193737536e-02 9.44510287639119e+00 1.82286907643788e-01 -9.05146043469850e-03
9.93384866019784e-02 9.44077066613960e+00 1.93033290161525e-01 -4.17092293001970e-02
1.02136753830203e-01 9.42365295374652e+00 1.86643323431389e-01 -2.19520342087420e-02
1.04935021058428e-01 9.41086488556637e+00 2.04433123316904e-01 -6.04501388371230e-02
1.07733288286653e-01 9.42565550365451e+00 1.91412236361640e-01 -8.28803116191074e-02
1.10531555514877e-01 9.41826039496338e+00 1.76879027224164e-01 -1.04105832913290e-01
1.13329822743102e-01 9.41512755869129e+00 2.02617618703652e-01 -9.53380595831267e-02
1.16128089971327e-01 9.39000835016717e+00 2.00914113245089e-01 -1.09521796150629e-01
1.18926357199552e-01 9.38027874885340e+00 1.93693502334615e-01 -8.85763654119232e-02
1.21724624427776e-01 9.38659066934607e+00 1.99609429766021e-01 -1.50581207364149e-01
1.24522891656001e-01 9.40484208478841e+00 1.90711077638391e-01 -2.14898208683071e-01
1.27321158884226e-01 9.40029565823261e+00 1.94482638414660e-01 -2.16973944875584e-01
1.30119426112451e-01 9.41435840802782e+00 2.01806635713304e-01 -3.09081292441978e-01
1.32917693340675e-01 9.43868779941855e+00 2.46273783687581e-01 -4.12613079981128e-01
1.35715960568900e-01 9.46749689619457e+00 3.27238608168898e-01 -5.19352910255764e-01
1.38514227797125e-01 9.47547049748613e+00 4.68119397761082e-01 -5.86727561922031e-01
1.41312495025350e-01 9.44112215835682e+00 6.57708028534341e-01 -5.62125396313156e-01
1.44110762253574e-01 9.36012317880218e+00 7.86519890460307e-01 -5.30619331050618e-01
1.46909029481799e-01 9.23918782160148e+00 9.22323388079110e-01 -3.94005648255636e-01
1.49707296710024e-01 9.14013928424824e+00 1.01895717945408e+00 -3.16189942581272e-01
1.52505563938249e-01 9.01660397144305e+00 1.07193154538169e+00 -2.34879219773005e-01
1.55303831166473e-01 8.89300494180721e+00 1.09614307275191e+00 -1.86018001195118e-01
1.58102098394698e-01 8.76517430873464e+00 1.10720772775492e+00 -8.72462646084703e-02
1.60900365622923e-01 8.65212537102253e+00 1.08795700897977e+00 -4.01650500001651e-02
1.63698632851147e-01 8.53008856374298e+00 1.08111432382362e+00 3.89072588579929e-02
1.66496900079372e-01 8.42960082200219e+00 1.05351369590296e+00 3.18670694533960e-02
1.69295167307597e-01 8.33080801546823e+00 1.03604854900501e+00 4.81051604494626e-02
1.72093434535822e-01 8.21302707505831e+00 1.02947319321861e+00 1.16883337646474e-01
1.74891701764046e-01 8.11632522413092e+00 1.01377759119617e+00 1.01144579186058e-01
1.77689968992271e-01 8.03091482937567e+00 1.00840329559683e+00 9.95203517177873e-02
1.80488236220496e-01 7.91610206991624e+00 9.91676445151109e-01 1.15901853864137e-01
1.83286503448721e-01 7.84857968782958e+00 9.65812463821505e-01 8.24731915656502e-02
1.86084770676945e-01 7.73817878456221e+00 9.61362827535620e-01 1.04759363877023e-01
1.88883037905170e-01 7.63877094436463e+00 9.43044141923567e-01 1.12017246796536e-01
1.91681305133395e-01 7.55793666164482e+00 9.37078095860671e-01 8.87982542258032e-02
1.94479572361620e-01 7.46267146499602e+00 9.16077465417739e-01 9.64516721618854e-02
1.97277839589844e-01 7.37393554733063e+00 9.07403313731699e-01 1.02679384807746e-01
2.00076106818069e-01 7.26355728752731e+00 8.91231394758224e-01 1.11112865442601e-01
2.02874374046294e-01 7.18582904429720e+00 8.88832924601504e-01 1.17181269092037e-01
2.05672641274519e-01 7.10310636522835e+00 8.86246102177287e-01 8.05818535034267e-02
2.08470908502743e-01 7.00633040957062e+00 8.67849973115564e-01 1.06376038205904e-01
2.11269175730968e-01 6.91786051999665e+00 8.37057367535591e-01 9.97429447588159e-02
2.14067442959193e-01 6.83641241661688e+00 8.44142839489618e-01 8.31851316963687e-02
2.16865710187418e-01 6.75541186030591e+00 8.29112642114640e-01 8.20519112024638e-02
2.19663977415642e-01 6.66401705366513e+00 8.12903674738651e-01 9.05501026800912e-02
2.22462244643867e-01 6.58447885395636e+00 8.07006737742190e-01 1.07806116286391e-01
2.25260511872092e-01 6.49917850991687e+00 7.99917857010061e-01 9.22718837596865e-02
2.28058779100317e-01 6.42213761073316e+00 7.87707106347622e-01 8.97013478166756e-02
2.30857046328541e-01 6.33216424150892e+00 7.76489346769287e-01 7.39449431509454e-02
2.33655313556766e-01 6.25902709849012e+00 7.58757186123102e-01 5.43385859443762e-02
2.36453580784991e-01 6.17766717201369e+00 7.67776164673602e-01 7.11356329272228e-02
2.39251848013216e-01 6.09127157099701e+00 7.45773715077761e-01 4.17024083876583e-02
2.42050115241440e-01 6.02422579277119e+00 7.26339019348754e-01 3.40371952217426e-02
2.44848382469665e-01 5.94569713452303e+00 7.38669327196110e-01 2.88447338221993e-02
2.47646649697890e-01 5.87066927336890e+00 7.32681379750132e-01 1.99079106823761e-02
2.50444916926115e-01 5.79605665363784e+00 7.16563819005782e-01 -1.35483359866287e-02
2.53243184154339e-01 5.73510567841877e+00 7.33231591043829e-01 -7.41003088565495e-02
2.56041451382564e-01 5.67054206336027e+00 7.69417228051691e-01 -1.28598866749036e-01
2.58839718610789e-01 5.59224959688178e+00 8.14813818036682e-01 -1.52751215394372e-01
2.61637985839013e-01 5.49262491206815e+00 8.73670661720415e-01 -1.50114165840927e-01
2.64436253067238e-01 5.37538965556725e+00 9.32644383357993e-01 -1.17035505230614e-01
2.67234520295463e-01 5.25530961375156e+00 9.66999229428661e-01 -1.11072151016370e-01
2.70032787523688e-01 5.13954659870001e+00 9.87703059376753e-01 -7.54963758632092e-02
2.72831054751912e-01 4.98970735356509e+00 1.00831054680474e+00 -1.47135076954685e-02
2.75629321980137e-01 4.85872696911898e+00 1.01004344888703e+00 1.23550854018260e-02
2.78427589208362e-01 4.73626729751200e+00 1.01945495418722e+00 2.89502472367931e-02
2.81225856436587e-01 4.61330027224036e+00 1.00661413499502e+00 3.70839622534939e-02
2.84024123664811e-01 4.47294193194751e+00 9.81886809617026e-01 5.56399664327553e-02
2.86822390893036e-01 4.36708775126688e+00 9.82729637996943e-01 6.01444030652973e-02
2.89620658121261e-01 4.23738702743446e+00 9.62599917044156e-01 5.64848663496312e-02
2.92418925349486e-01 4.11933499248260e+00 9.51943587082705e-01 7.13799035074221e-02
2.95217192577710e-01 3.99698709150535e+00 9.43656884762278e-01 7.28061928435597e-02
2.98015459805935e-01 3.87875232690737e+00 9.33352727914513e-01 8.67485288121921e-02
3.00813727034160e-01 3.76453776752957e+00 9.23661213178828e-01 7.10292258191452e-02
3.03611994262385e-01 3.64356425474828e+00 9.20151753648973e-01 9.36671389009767e-02
3.06410261490609e-01 3.53417634442551e+00 8.99218435603927e-01 8.37636681920084e-02
3.09208528718834e-01 3.41826825462799e+00 8.97641535957978e-01 7.57840175520131e-02
3.12006795947059e-01 3.30371506884383e+00 8.91637103807023e-01 7.94900072186727e-02
3.14805063175284e-01 3.18059682125647e+00 8.80474403473671e-01 9.43220790349211e-02
3.17603330403508e-01 3.06315842264649e+00 8.65096906977166e-01 1.11579948354773e-01
3.20401597631733e-01 2.94349895422257e+00 8.62473874226280e-01 1.52760146502692e-01
3.23199864859958e-01 2.81063475546249e+00 8.34310509625944e-01 1.93162684053444e-01
3.25998132088183e-01 2.67936690725427e+00 7.76252886947325e-01 2.43285191987141e-01
3.28796399316407e-01 2.56195329370473e+00 7.01108536999139e-01 2.61916458318431e-01
3.31594666544632e-01 2.46854570906643e+00 6.26596900579611e-01 2.65283618928552e-01
3.34392933772857e-01 2.38784296741179e+00 5.47470792104579e-01 2.52835690396672e-01
3.37191201001082e-01 2.32385588425073e+00 4.80342681584380e-01 2.22233572112751e-01
3.39989468229306e-01 2.27484685194011e+00 4.39159058508786e-01 1.85669316256280e-01
3.42787735457531e-01 2.23054662002851e+00 4.01778441917992e-01 1.43372323303486e-01
3.45586002685756e-01 2.19196895774233e+00 3.81074613054412e-01 1.17319434947383e-01
3.48384269913981e-01 2.14677321784787e+00 3.61328548627414e-01 9.47418741930692e-02
3.51182537142205e-01 2.10929867728132e+00 3.46673482153604e-01 7.73131049780778e-02
3.53980804370430e-01 2.07356447749079e+00 3.53551666354604e-01 4.68905940314534e-02
3.56779071598655e-01 2.02550563950455e+00 3.38156044013769e-01 4.22888079503182e-02
3.59577338826880e-01 1.98389451083641e+00 3.39032434893545e-01 4.14129208349645e-02
3.62375606055104e-01 1.93944786188867e+00 3.38321925001851e-01 3.26080706639199e-02
3.65173873283329e-01 1.89015189689053e+00 3.30816402350154e-01 3.11890044917476e-02
3.67972140511554e-01 1.84535047315948e+00 3.31701907108914e-01 3.04902776215573e-02
3.70770407739778e-01 1.80382025037723e+00 3.26810152495634e-01 1.38820284704908e-02
3.73568674968003e-01 1.75947239806158e+00 3.26108795744328e-01 1.46541152369609e-02
3.76366942196228e-01 1.71814808897634e+00 3.35223802034937e-01 -2.45418852817132e-03
3.79165209424453e-01 1.67102281904660e+00 3.38104279329712e-01 -4.17746708900369e-03
3.81963476652677e-01 1.62319504644527e+00 3.42013173638793e-01 3.31435161667826e-03
3.84761743880902e-01 1.57208918898058e+00 3.56264741599545e-01 3.97900777522156e-04
3.87560011109127e-01 1.52173029780188e+00 3.48965869528292e-01 3.13470712247885e-03
3.90358278337352e-01 1.46950170644371e+00 3.52886328391801e-01 9.41038064467441e-03
3.93156545565576e-01 1.41715013079355e+00 3.46594625231128e-01 1.62794400278572e-02
3.95954812793801e-01 1.36628574920559e+00 3.51040777088487e-01 1.28726068078568e-02
3.98753080022026e-01 1.31707560470574e+00 3.46981921729369e-01 1.65217429241038e-02
4.01551347250251e-01 1.26138669369045e+00 3.40655167566891e-01 1.90708009524054e-02
4.04349614478475e-01 1.21857647735157e+00 3.42236567652206e-01 1.65991409034694e-02
4.07147881706700e-01 1.16704944275252e+00 3.38851646433247e-01 1.98778474799803e-02
4.09946148934925e-01 1.11757472752578e+00 3.38879497811812e-01 1.92594329935504e-02
4.12744416163150e-01 1.06783209444516e+00 3.32262903056574e-01 1.83630369420433e-02
4.15542683391374e-01 1.01555310348403e+00 3.31426464667418e-01 1.39005809528176e-02
4.18340950619599e-01 9.72075514034875e-01 3.24184890908757e-01 1.60640492952943e-02
4.21139217847824e-01 9.21515608949722e-01 3.26371590735460e-01 1.85402367405278e-02
4.23937485076049e-01 8.78143335346145e-01 3.20022693713897e-01 2.02470907596788e-02
4.26735752304273e-01 8.24341475778694e-01 3.12406392099536e-01 2.25802121127188e-02
4.29534019532498e-01 7.81598663359101e-01 3.14239851360511e-01 2.65562546042321e-02
4.32332286760723e-01 7.33753564324540e-01 3.06256345466643e-01 2.65061789801988e-02
4.35130553988948e-01 6.82542571988048e-01 3.04814164216128e-01 3.68542776128430e-02
4.37928821217172e-01 6.36831446920847e-01 3.03158525768187e-01 4.22181297307383e-02
4.40727088445397e-01 5.86364928958372e-01 2.98480178079246e-01 5.71077021198936e-02
4.43525355673622e-01 5.29081314204056e-01 2.81031031220140e-01 7.51059961967980e-02
4.46323622901847e-01 4.77434110782634e-01 2.54491836603506e-01 9.80653172715795e-02
4.49121890130071e-01 4.28498077774270e-01 2.14695843956513e-01 1.10772595024049e-01
4.51920157358296e-01 3.93635339788249e-01 1.71629629624361e-01 1.06312759746946e-01
4.54718424586521e-01 3.71316980449414e-01 1.37024604351105e-01 9.53970683554577e-02
4.57516691814746e-01 3.55229165388745e-01 1.09302221850358e-01 8.04716046844742e-02
4.60314959042970e-01 3.44139702217841e-01 8.85285385793265e-02 6.52580482819396e-02
4.63113226271195e-01 3.35163443971599e-01 6.85030331150335e-02 4.99083064032658e-02
4.65911493499420e-01 3.28619566182812e-01 5.68846793770928e-02 3.91756771384082e-02
4.68709760727645e-01 3.25853632304793e-01 5.44463067995054e-02 2.24222172329619e-02
4.71508027955869e-01 3.19928830102633e-01 5.48269197914407e-02 1.77221460876651e-02
4.74306295184094e-01 3.12573366792622e-01 5.21743669547075e-02 1.83301582301569e-02
4.77104562412319e-01 3.04108377631032e-01 5.12280816800492e-02 1.18795702362390e-02
4.79902829640543e-01 2.98415906284170e-01 5.26921827511454e-02 7.40812870225051e-03
4.82701096868768e-01 2.89134378433275e-01 5.17705366514772e-02 6.33549439396747e-03
4.85499364096993e-01 2.83042730121736e-01 5.10178558605836e-02 5.89081239540404e-03
4.88297631325218e-01 2.75287091003434e-01 5.11933545158673e-02 2.85263652564291e-03
4.91095898553442e-01 2.66126317627762e-01 5.07738518002739e-02 3.49645155257068e-03
4.93894165781667e-01 2.58730071979028e-01 5.08185749703543e-02 6.20509251519505e-03
4.96692433009892e-01 2.52527078526243e-01 4.87693902882702e-02 2.20976025972492e-03
4.99490700238117e-01 2.46298566649476e-01 5.07655791660661e-02 9.05157851369869e-04
5.02288967466341e-01 2.36482880294351e-01 5.05633621617132e-02 2.38986832493641e-03
5.05087234694566e-01 2.29046742243166e-01 5.07764082828351e-02 1.41319466492145e-03
5.07885501922791e-01 2.20416488867165e-01 5.06135685624895e-02 4.35743087404260e-04
5.10683769151016e-01 2.12435432510242e-01 5.12109451241375e-02 2.63200362910972e-03
5.13482036379240e-01 2.03699953812396e-01 5.16417585383483e-02 4.33455387957220e-03
5.16280303607465e-01 1.97240033876347e-01 5.15494651389684e-02 1.46705077739973e-03
5.19078570835690e-01 1.87334340376349e-01 4.91534885918387e-02 1.68516250396728e-03
5.21876838063915e-01 1.79341681372585e-01 5.05129520723012e-02 1.78683071729709e-03
5.24675105292139e-01 1.72504795581335e-01 4.97542432376276e-02 -1.01030065212163e-03
5.27473372520364e-01 1.64486811791043e-01 4.88577153699621e-02 -6.97101088635415e-04
5.30271639748589e-01 1.55972561134995e-01 4.85820893979970e-02 2.17533169485637e-03
5.33069906976814e-01 1.49246747443370e-01 4.75985082822296e-02 1.94936095600554e-03
5.35868174205038e-01 1.40648317592749e-01 4.86103980065520e-02 2.93410300868647e-03
5.38666441433263e-01 1.33092208511246e-01 4.55361067696419e-02 4.22332210287698e-03
5.41464708661488e-01 1.25331692807997e-01 4.71259986614622e-02 4.17252643734539e-03
5.44262975889713e-01 1.18211079167294e-01 4.58988650237654e-02 4.81882923607583e-03
5.47061243117937e-01 1.10667131066830e-01 4.57527219755300e-02 2.38620444813748e-03
5.49859510346162e-01 1.02878045967023e-01 4.65704570941968e-02 4.99434927701718e-03
5.52657777574387e-01 9.48407287480221e-02 4.58242916631980e-02 6.31522981990906e-03
5.55456044802612e-01 8.68062495825729e-02 4.53148474661790e-02 5.72239859184129e-03
5.58254312030836e-01 7.94042040743025e-02 4.45978894669623e-02 4.43936033663654e-03
5.61052579259061e-01 7.07578162907222e-02 4.28855250542238e-02 8.90420425226353e-03
5.63850846487286e-01 6.25927402638536e-02 4.07886373247982e-02 1.20844760054435e-02
5.66649113715511e-01 5.40522695294349e-02 3.62231230446110e-02 1.62009761601401e-02
5.69447380943735e-01 4.73127802662806e-02 2.99356300587210e-02 1.67394782446921e-02
5.72245648171960e-01 4.16648476872031e-02 2.29453660929319e-02 1.35373779753850e-02
5.75043915400185e-01 3.82691345862366e-02 1.74452020234644e-02 1.34990605976928e-02
5.77842182628409e-01 3.67549922405666e-02 1.45303043512502e-02 1.11562825680248e-02
5.80640449856634e-01 3.45292482482823e-02 9.29602340103959e-03 7.75696505589413e-03
5.83438717084859e-01 3.40642487662250e-02 7.76649899944825e-03 6.57626526421750e-03
5.86236984313084e-01 3.38506054354136e-02 6.47155367507482e-03 5.24223230622444e-03
5.89035251541309e-01 3.31259626663091e-02 5.90791346535092e-03 3.68670451691719e-03
5.91833518769533e-01 3.23987467984267e-02 5.63406510902851e-03 1.75638742686541e-03
5.94631785997758e-01 3.23069762818459e-02 5.95391944187169e-03 1.37735424329878e-03
5.97430053225983e-01 3.10552874440023e-02 5.62527616613466e-03 1.90277210314497e-05
6.00228320454207e-01 3.02140086377330e-02 5.39017914097157e-03 7.63966974437261e-04
6.03026587682432e-01 2.91190883685035e-02 5.70661725481156e-03 1.17836430586411e-03
6.05824854910657e-01 2.86002663607170e-02 5.19837045565527e-03 -2.15845002667654e-05
6.08623122138882e-01 2.78686850175427e-02 4.76294776617279e-03 8.89557859144428e-04
6.11421389367106e-01 2.65952044832497e-02 5.37397720149418e-03 -1.41842614046686e-04
6.14219656595331e-01 2.59478358966891e-02 5.92442399748635e-03 -1.77375825081373e-04
6.17017923823556e-01 2.48440312743495e-02 5.82953622618413e-03 8.00523156420349e-05
6.19816191051781e-01 2.38724505736126e-02 5.45875198950221e-03 -6.94679686923902e-04
6.22614458280005e-01 2.24675509450445e-02 5.36884186740810e-03 -3.40811702435151e-04
6.25412725508230e-01 2.17122682807377e-02 5.20750995060168e-03 2.30953822487811e-04
6.28210992736455e-01 2.06914336309573e-02 5.07316618773923e-03 -2.65435608285205e-04
6.31009259964680e-01 1.99151803872762e-02 4.72817574845145e-03 6.23249169348795e-04
6.33807527192904e-01 1.95389851883865e-02 4.70695320320140e-03 -3.60664707910669e-04
6.36605794421129e-01 1.90570440398180e-02 5.14432690863643e-03 -4.84130139482245e-04
6.39404061649354e-01 1.82987233892766e-02 5.48550527888879e-03 -2.82308050439183e-04
6.42202328877579e-01 1.73342035881783e-02 4.61570553070138e-03 1.93155739648771e-04
6.45000596105803e-01 1.63798926015585e-02 4.97608766656312e-03 -2.89240157317446e-07
6.47798863334028e-01 1.57095240766929e-02 4.95156384097368e-03 -1.46678467594539e-04
6.50597130562253e-01 1.50864248911018e-02 5.26779853451587e-03 -1.48998937639605e-04
6.53395397790478e-01 1.41064810592108e-02 5.33334629064369e-03 -1.71075715344487e-04
6.56193665018702e-01 1.29484379322843e-02 4.69046686229847e-03 -1.89700130374880e-04
6.58991932246927e-01 1.23456760173599e-02 4.87490581756684e-03 7.61518217850079e-04
6.61790199475152e-01 1.15346578193564e-02 4.50172346850601e-03 9.56937295039868e-04
6.64588466703377e-01 1.13160010713195e-02 4.79234983387133e-03 3.20658997299896e-04
6.67386733931601e-01 1.04421258868755e-02 4.93881494921017e-03 5.16187485661357e-04
6.70185001159826e-01 9.63161389958134e-03 4.65626470051584e-03 7.24635250238319e-04
6.72983268388051e-01 8.98715816525351e-03 4.72220053706811e-03 8.01224971842751e-04
6.75781535616276e-01 8.00777303901778e-03 4.60329571962820e-03 9.41691503297394e-04
6.78579802844500e-01 7.41279812417815e-03 4.44889361317726e-03 7.62870346166155e-04
6.81378070072725e-01 6.88380150385775e-03 4.61604349900197e-03 9.37417905168736e-04
6.84176337300950e-01 5.96526999895952e-03 4.07671909238405e-03 1.18713481589627e-03
6.86974604529174e-01 5.23735560624996e-03 3.76037533314164e-03 1.76179238517114e-03
6.89772871757399e-01 4.32165518383921e-03 2.82285984105762e-03 2.11582242275156e-03
6.92571138985624e-01 3.96221398686146e-03 2.28663262686848e-03 1.68895669507001e-03
6.95369406213849e-01 3.78137882013657e-03 1.69154917299725e-03 1.41830276807786e-03
6.98167673442074e-01 3.58417693689592e-03 1.69884854335926e-03 1.16052911897788e-03
7.00965940670298e-01 3.43615473548199e-03 9.83722012843702e-04 9.54179619148955e-04
7.03764207898523e-01 3.44919670611726e-03 9.17012041530016e-04 3.18403882183021e-04
7.06562475126748e-01 3.17592770538101e-03 5.68605851830865e-04 3.89023508661404e-04
7.09360742354972e-01 3.20501721279659e-03 7.02501301523307e-04 7.20614033397566e-04
7.12159009583197e-01 3.34693365218687e-03 6.08885011191179e-04 4.83998226230140e-04
7.14957276811422e-01 3.24175813245833e-03 5.87404882984433e-04 -5.48393895288746e-05
7.17755544039647e-01 3.10747777740507e-03 6.47930208067083e-04 9.74229435680040e-05
7.20553811267871e-01 2.92461390509921e-03 5.51185872056989e-04 3.24486193443877e-04
7.23352078496096e-01 2.92735542133644e-03 6.72479370761748e-04 1.88378822984318e-04
7.26150345724321e-01 2.82385329801176e-03 6.94164650327091e-04 4.05907942381536e-05
7.28948612952546e-01 2.97190677619554e-03 6.61186470940630e-04 -1.53559678861281e-04
7.31746880180770e-01 2.74897470918183e-03 7.53837380736731e-04 8.87943897704415e-05
7.34545147408995e-01 2.75485305817638e-03 5.89944415747923e-04 -2.03172497944436e-04
7.37343414637220e-01 2.73852229601112e-03 5.89656290119841e-04 -8.56100359102568e-05
7.40141681865445e-01 2.52287060723901e-03 5.71758359572522e-04 5.03161757002482e-05
7.42939949093669e-01 2.49876610367578e-03 6.77320404916719e-04 -1.58328896480695e-04
7.45738216321894e-01 2.42923870364715e-03 6.36071531091257e-04 -1.18171910021540e-04
7.48536483550119e-01 2.39164858809973e-03 5.49790029492355e-04 8.01883834901211e-05
7.51334750778344e-01 2.18241730008181e-03 7.09807863442227e-04 4.24444432592741e-05
7.54133018006568e-01 2.29359287557647e-03 6.54167805325902e-04 1.03156808757991e-05
7.56931285234793e-01 2.06342676802698e-03 6.55011345248007e-04 7.95644764852555e-05
7.59729552463018e-01 2.06645673409299e-03 6.99643208542911e-04 -2.99800230946182e-05
7.62527819691243e-01 1.95625444009555e-03 5.28761660377291e-04 -2.85416704293438e-05
7.65326086919467e-01 1.76612221513184e-03 5.72811851208451e-04 -3.59828677986574e-05
7.68124354147692e-01 1.86620266562345e-03 6.12380880531674e-04 1.07255682697999e-05
7.70922621375917e-01 1.70814357244315e-03 5.31654599124364e-04 9.14514833205174e-05
7.73720888604142e-01 1.52493125310436e-03 6.31207778372009e-04 1.48833832019240e-04
7.76519155832366e-01 1.51271821154411e-03 5.59097406550860e-04 1.24176726325118e-04
7.79317423060591e-01 1.38180512612336e-03 5.64327054438270e-04 -7.03317218491693e-05
7.82115690288816e-01 1.35104392656005e-03 6.69595150441678e-04 -2.91531841500890e-05
7.84913957517041e-01 1.14290974437815e-03 5.87482500604356e-04 7.61124105767880e-05
7.87712224745265e-01 1.03618557798857e-03 5.28937840121418e-04 1.45017661383675e-04
7.90510491973490e-01 1.04908814296622e-03 6.71014462018317e-04 2.26004134155409e-04
7.93308759201715e-01 9.06802282961189e-04 5.58205015953808e-04 1.98172410422359e-04
7.96107026429939e-01 8.71829356235823e-04 5.89185750240228e-04 2.61494067202132e-04
7.98905293658164e-01 7.19697751928372e-04 5.05227821853717e-04 1.48881474948916e-04
8.01703560886389e-01 6.81188159517853e-04 2.77158432403827e-04 1.07436145033957e-04
8.04501828114614e-01 6.30861650277946e-04 1.44473958562600e-04 1.39587769064973e-04
8.07300095342839e-01 6.58935525602670e-04 2.23295616140849e-04 2.07442714572174e-04
8.10098362571063e-01 5.87649172132317e-04 1.98847773921530e-04 2.56389745560324e-04
8.12896629799288e-01 5.41714213724876e-04 1.24145042735584e-04 1.35938557544628e-04
8.15694897027513e-01 5.71120907960666e-04 1.05017659796370e-04 9.12936111882160e-05
8.18493164255737e-01 5.75410714345559e-04 1.12264342116939e-04 -7.16155911728618e-05
8.21291431483962e-01 5.48139936014291e-04 1.87156268800275e-04 3.29238872358512e-05
8.24089698712187e-01 4.98655242934445e-04 4.96030741655842e-05 1.77678736561380e-05
8.26887965940412e-01 5.27941432046298e-04 8.21387786335058e-05 -9.33133206070906e-06
8.29686233168636e-01 5.89825623696849e-04 1.25158120150307e-04 5.43659671332100e-06
8.32484500396861e-01 5.43136873724401e-04 8.50740353170239e-05 -4.75767011502816e-05
8.35282767625086e-01 4.88785757343935e-04 2.28282500109911e-04 6.82384020112721e-05
8.38081034853311e-01 5.41320357352831e-04 8.66633072108138e-05 8.73711876781216e-05
8.40879302081535e-01 5.04044557807109e-04 4.11549783281681e-05 -1.00242510975845e-04
8.43677569309760e-01 5.01911040998271e-04 1.25983562073830e-04 -3.64566391794852e-06
8.46475836537985e-01 4.38931198922340e-04 1.41157166095910e-04 1.34394518154992e-04
8.49274103766210e-01 4.70523672973491e-04 4.32778367339354e-05 -6.17109894169078e-05
8.52072370994434e-01 4.29744203578777e-04 1.16689101764544e-04 -9.10205966318652e-06
8.54870638222659e-01 4.14867779608958e-04 1.39457417592775e-04 6.01687121358337e-06
8.57668905450884e-01 4.50207004355259e-04 3.10256941287111e-05 7.42198404322825e-06
8.60467172679109e-01 4.35348027154089e-04 1.26443559745108e-04 -6.05364915988689e-05
8.63265439907333e-01 4.55155936435804e-04 1.38085336208834e-04 -5.55662059977220e-05
8.66063707135558e-01 3.71216365039953e-04 8.55589718595533e-05 -6.01856932808569e-05
8.68861974363783e-01 3.70618111041127e-04 1.35416189813510e-04 4.24166038119138e-05
8.71660241592008e-01 3.68746799713772e-04 3.36082723337742e-05 1.43607101411022e-05
8.74458508820232e-01 3.22296027739272e-04 1.14421459334156e-04 1.62791341441904e-05
8.77256776048457e-01 3.06519220590315e-04 1.02792047336553e-04 4.09018739210123e-05
8.80055043276682e-01 3.19999764327376e-04 1.20076102042844e-04 2.79009318325442e-05
8.82853310504907e-01 2.96671357058440e-04 9.47826951012351e-05 6.02242854828635e-05
8.85651577733131e-01 2.74683339819058e-04 9.77467626766251e-05 2.06265669232791e-05
8.88449844961356e-01 2.42654755230875e-04 1.19052489285148e-04 -6.55167839123358e-06
8.91248112189581e-01 2.57415617202396e-04 3.36154511876070e-05 3.53567921275056e-05
8.94046379417806e-01 2.62051920157374e-04 1.13841401468367e-04 1.88778171713370e-05
8.96844646646030e-01 2.28937435492925e-04 1.00380260177667e-04 3.73268651693245e-05
8.99642913874255e-01 2.21045471351369e-04 9.78126210729808e-05 -2.89469092256042e-05
9.02441181102480e-01 1.65526874338399e-04 7.43366144756085e-05 7.28468726065629e-05
9.05239448330704e-01 1.72783149658025e-04 9.34531470324274e-05 -2.48131627530633e-05
9.08037715558929e-01 1.68766351062153e-04 1.08685530084027e-04 3.93450619776233e-05
9.10835982787154e-01 1.21075335289243e-04 3.45251935474274e-05 4.04291763919444e-06
9.13634250015379e-01 1.18397206345623e-04 4.65861849810460e-05 7.41802117778716e-05
9.16432517243604e-01 1.14483162455063e-04 4.01686574353200e-05 8.09843936149515e-06
9.19230784471828e-01 9.69139641706885e-05 2.63904179357106e-05 2.51603560827749e-05
9.22029051700053e-01 1.02969789635803e-04 2.94022170405848e-05 -5.69125192715961e-05
9.24827318928278e-01 8.29943472138842e-05 2.35604848359415e-05 -3.53159528219079e-06
9.27625586156502e-01 8.41059244868018e-05 8.96932157075327e-21 -7.07479247153670e-07
9.30423853384727e-01 1.07444173723995e-04 -5.18696011081338e-07 -9.79964963792991e-06
9.33222120612952e-01 9.86510042031968e-05 4.01016332085995e-05 1.29528768518797e-05
9.36020387841177e-01 9.35782617619820e-05 4.18147074925909e-05 1.16677316902177e-05
9.38818655069401e-01 7.13084791290688e-05 3.00970960186138e-05 2.24720065779503e-05
9.41616922297626e-01 9.69826394555069e-05 5.45803563315423e-05 6.41619955840768e-05
9.44415189525851e-01 6.00646061945110e-05 2.06671277640705e-05 4.35100652423300e-05
9.47213456754076e-01 6.24238114554018e-05 1.88740229929862e-05 5.78338253189752e-06
9.50011723982300e-01 9.65531939237858e-05 4.21656353211470e-05 -2.59679203961858e-05
9.52809991210525e-01 5.61382300816829e-05 5.56500715592335e-06 4.32044700293856e-05
9.55608258438750e-01 7.18978825437297e-05 -5.11815435057049e-07 3.96047658079868e-07
9.58406525666975e-01 5.23235991940346e-05 2.65025114057227e-05 1.72363670368256e-05
9.61204792895199e-01 5.95377135035143e-05 3.08381054840652e-05 3.45549598842131e-05
9.64003060123424e-01 5.33847859765749e-05 2.73718357188984e-05 -6.06645295188343e-07
9.66801327351649e-01 5.20959392344797e-05 1.96995342314567e-05 -1.95335541459887e-05
9.69599594579874e-01 3.99228707737162e-05 1.77838242537463e-05 2.22588151322910e-05
9.72397861808098e-01 3.86573443963464e-05 1.71058748953833e-05 -2.53205605796068e-06
9.75196129036323e-01 4.58396874682997e-05 2.12792654458107e-05 1.01160952397148e-05
9.77994396264548e-01 5.05923838072799e-05 5.34833771676958e-06 2.22678763586042e-05
9.80792663492773e-01 3.48829679811886e-05 5.26853102612434e-06 -2.76044562827688e-05
9.83590930720997e-01 3.72356098983790e-05 2.03955050346605e-05 2.24770957428505e-05
9.86389197949222e-01 4.31799746152913e-05 1.46811913691991e-05 4.15967088793974e-06
9.89187465177447e-01 3.83278723842990e-05 3.10455766312822e-05 1.41621488459985e-05
9.91985732405672e-01 2.39211094678805e-05 6.31517289952047e-06 7.06629573681192e-06
9.94783999633896e-01 2.62761856033314e-05 2.62284107204162e-05 -4.52667015621026e-06
9.97582266862121e-01 2.26612194470560e-05 1.30957994488776e-05 1.61502932911887e-05
1.00038053409035e+00 1.54833443215205e-05 1.00760840738510e-05 -1.24462267815299e-06
1.00317880131857e+00 1.90298272233659e-05 6.99346150458699e-06 -6.35596229260422e-06
1.00597706854680e+00 2.01910505741330e-05 1.97397212083582e-05 9.30094806153149e-06
1.00877533577502e+00 3.55818121688979e-06 7.61450780414416e-06 6.17344441130379e-06
1.01157360300324e+00 5.92209399372714e-06 3.34006101246211e-06 1.59695186634846e-05
1.01437187023147e+00 8.27948792587257e-06 4.32898940124194e-06 5.27166824080201e-06
1.01717013745969e+00 8.26809151589286e-06 5.03172426538623e-06 -2.67295587149507e-06
1.01996840468792e+00 1.65134840738904e-05 -1.01911787427438e-05 5.05076705745704e-06
1.02276667191614e+00 2.23804777411817e-05 -1.90823020740602e-06 2.92088792920044e-05
1.02556493914437e+00 2.47025477709379e-05 5.29340309377241e-06 -8.71647042774520e-07
1.02836320637259e+00 1.52712336945031e-05 -6.69584861989753e-06 9.57036468531670e-06
1.03116147360082e+00 1.40773835190524e-05 1.37958358486714e-05 -1.33735143430998e-06
1.03395974082904e+00 1.75729017245156e-05 -2.03845660004381e-06 2.01139433138805e-05
1.03675800805727e+00 2.22289494060750e-05 -7.65143837451212e-06 1.16865776640675e-05
1.03955627528549e+00 1.28520592393900e-05 -8.06174625016281e-06 1.24653290931865e-05
1.04235454251372e+00 3.03367918683474e-05 1.16213248849516e-05 1.85357798315603e-05
1.04515280974194e+00 1.28176032544992e-05 -4.89399396989968e-07 -9.96859962202190e-06
1.04795107697017e+00 1.28004788604072e-05 1.32659508189675e-06 2.66831800244670e-06
1.05074934419839e+00 1.39455522745174e-05 1.31088191380464e-05 1.26765070175363e-05
1.05354761142662e+00 8.12409498305335e-06 -7.31168548474801e-06 -6.05245076237475e-06
1.05634587865484e+00 2.31809355908759e-06 1.39085613545256e-06 4.42060441718004e-06
1.05914414588307e+00 1.04176319536658e-05 -3.40309310486416e-06 -8.87234988053869e-06
1.06194241311129e+00 1.15598860329187e-05 -9.01671110567661e-06 -1.15598860329197e-08
1.06474068033951e+00 1.03902170852091e-05 4.36389117578781e-06 4.72754877377012e-06
1.06753894756774e+00 8.07068155066118e-06 1.18293132442548e-05 1.39380670379919e-05
1.07033721479596e+00 8.06012473574278e-06 -3.52342595591041e-06 4.72093020236384e-08
1.07313548202419e+00 1.03494975931437e-05 -1.09704674487323e-05 8.21405125642502e-06
1.07593374925241e+00 5.74223913710252e-06 5.71927018055411e-06 -2.07294832849401e-06
1.07873201648064e+00 3.44087191193826e-06 8.73981465632317e-06 1.08146604192219e-05
1.08153028370886e+00 4.58189027593172e-06 3.29896099867084e-06 3.29437910839491e-06
1.08432855093709e+00 0.00000000000000e+00 0.00000000000000e+00 0.00000000000000e+00
1.08712681816531e+00 1.14252031518482e-06 1.85088291059941e-06 -3.57608858652849e-07
1.08992508539354e+00 5.70526361326016e-06 1.71157908397805e-06 2.73282127075162e-06
1.09272335262176e+00 2.27918154218753e-06 -2.32476517303128e-06 2.16522246507815e-07
1.09552161984999e+00 1.13813442446542e-06 2.93638681512080e-06 3.46789559134615e-06
1.09831988707821e+00 1.13668364704403e-06 1.43222139527548e-06 -1.33787665257082e-06
1.10111815430644e+00 0.00000000000000e+00 0.00000000000000e+00 0.00000000000000e+00
1.10391642153466e+00 0.00000000000000e+00 0.00000000000000e+00 0.00000000000000e+00
1.10671468876289e+00 0.00000000000000e+00 0.00000000000000e+00 0.00000000000000e+00
1.10951295599111e+00 0.00000000000000e+00 0.00000000000000e+00 0.00000000000000e+00
1.11231122321934e+00 0.00000000000000e+00 0.00000000000000e+00 0.00000000000000e+00
1.11510949044756e+00 0.00000000000000e+00 0.00000000000000e+00 0.00000000000000e+00
1.11790775767578e+00 0.00000000000000e+00 0.00000000000000e+00 0.00000000000000e+00
1.12070602490401e+00 0.00000000000000e+00 0.00000000000000e+00 0.00000000000000e+00
1.12350429213223e+00 0.00000000000000e+00 0.00000000000000e+00 0.00000000000000e+00
1.12630255936046e+00 0.00000000000000e+00 0.00000000000000e+00 0.00000000000000e+00
1.12910082658868e+00 0.00000000000000e+00 0.00000000000000e+00 0.00000000000000e+00
1.13189909381691e+00 0.00000000000000e+00 0.00000000000000e+00 0.00000000000000e+00
1.13469736104513e+00 0.00000000000000e+00 0.00000000000000e+00 0.00000000000000e+00
1.13749562827336e+00 0.00000000000000e+00 0.00000000000000e+00 0.00000000000000e+00
1.14029389550158e+00 0.00000000000000e+00 0.00000000000000e+00 0.00000000000000e+00
1.14309216272981e+00 0.00000000000000e+00 0.00000000000000e+00 0.00000000000000e+00
1.14589042995803e+00 0.00000000000000e+00 0.00000000000000e+00 0.00000000000000e+00
1.14868869718626e+00 0.00000000000000e+00 0.00000000000000e+00 0.00000000000000e+00
1.15148696441448e+00 0.00000000000000e+00 0.00000000000000e+00 0.00000000000000e+00
1.15428523164271e+00 0.00000000000000e+00 0.00000000000000e+00 0.00000000000000e+00
1.15708349887093e+00 0.00000000000000e+00 0.00000000000000e+00 0.00000000000000e+00
1.15988176609916e+00 0.00000000000000e+00 0.00000000000000e+00 0.00000000000000e+00
1.16268003332738e+00 0.00000000000000e+00 0.00000000000000e+00 0.00000000000000e+00
1.16547830055561e+00 0.00000000000000e+00 0.00000000000000e+00 0.00000000000000e+00
1.16827656778383e+00 0.00000000000000e+00 0.00000000000000e+00 0.00000000000000e+00
1.17107483501206e+00 0.00000000000000e+00 0.00000000000000e+00 0.00000000000000e+00
1.17387310224028e+00 0.00000000000000e+00 0.00000000000000e+00 0.00000000000000e+00
1.17667136946850e+00 0.00000000000000e+00 0.00000000000000e+00 0.00000000000000e+00
1.17946963669673e+00 0.00000000000000e+00 0.00000000000000e+00 0.00000000000000e+00
1.18226790392495e+00 0.00000000000000e+00 0.00000000000000e+00 0.00000000000000e+00
1.18506617115318e+00 0.00000000000000e+00 0.00000000000000e+00 0.00000000000000e+00
1.18786443838140e+00 0.00000000000000e+00 0.00000000000000e+00 0.00000000000000e+00
1.19066270560963e+00 0.00000000000000e+00 0.00000000000000e+00 0.00000000000000e+00
1.19346097283785e+00 0.00000000000000e+00 0.00000000000000e+00 0.00000000000000e+00
1.19625924006608e+00 0.00000000000000e+00 0.00000000000000e+00 0.00000000000000e+00
1.19905750729430e+00 0.00000000000000e+00 0.00000000000000e+00 0.00000000000000e+00
1.20185577452253e+00 0.00000000000000e+00 0.00000000000000e+00 0.00000000000000e+00
1.20465404175075e+00 0.00000000000000e+00 0.00000000000000e+00 0.00000000000000e+00
1.20745230897898e+00 0.00000000000000e+00 0.00000000000000e+00 0.00000000000000e+00
1.21025057620720e+00 0.00000000000000e+00 0.00000000000000e+00 0.00000000000000e+00
1.21304884343543e+00 0.00000000000000e+00 0.00000000000000e+00 0.00000000000000e+00
1.21584711066365e+00 0.00000000000000e+00 0.00000000000000e+00 0.00000000000000e+00
1.21864537789188e+00 0.00000000000000e+00 0.00000000000000e+00 0.00000000000000e+00
1.22144364512010e+00 0.00000000000000e+00 0.00000000000000e+00 0.00000000000000e+00
1.22424191234833e+00 0.00000000000000e+00 0.00000000000000e+00 0.00000000000000e+00
1.22704017957655e+00 0.00000000000000e+00 0.00000000000000e+00 0.00000000000000e+00
1.22983844680477e+00 0.00000000000000e+00 0.00000000000000e+00 0.00000000000000e+00
1.23263671403300e+00 0.00000000000000e+00 0.00000000000000e+00 0.00000000000000e+00
1.23543498126122e+00 0.00000000000000e+00 0.00000000000000e+00 0.00000000000000e+00
1.23823324848945e+00 0.00000000000000e+00 0.00000000000000e+00 0.00000000000000e+00
1.24103151571767e+00 0.00000000000000e+00 0.00000000000000e+00 0.00000000000000e+00
1.24382978294590e+00 0.00000000000000e+00 0.00000000000000e+00 0.00000000000000e+00
1.24662805017412e+00 0.00000000000000e+00 0.00000000000000e+00 0.00000000000000e+00
1.24942631740235e+00 0.00000000000000e+00 0.00000000000000e+00 0.00000000000000e+00
1.25222458463057e+00 0.00000000000000e+00 0.00000000000000e+00 0.00000000000000e+00
1.25502285185880e+00 0.00000000000000e+00 0.00000000000000e+00 0.00000000000000e+00
1.25782111908702e+00 0.00000000000000e+00 0.00000000000000e+00 0.00000000000000e+00
1.26061938631525e+00 0.00000000000000e+00 0.00000000000000e+00 0.00000000000000e+00
1.26341765354347e+00 0.00000000000000e+00 0.00000000000000e+00 0.00000000000000e+00
1.26621592077170e+00 0.00000000000000e+00 0.00000000000000e+00 0.00000000000000e+00
1.26901418799992e+00 0.00000000000000e+00 0.00000000000000e+00 0.00000000000000e+00
1.27181245522815e+00 0.00000000000000e+00 0.00000000000000e+00 0.00000000000000e+00
1.27461072245637e+00 0.00000000000000e+00 0.00000000000000e+00 0.00000000000000e+00
1.27740898968460e+00 0.00000000000000e+00 0.00000000000000e+00 0.00000000000000e+00
1.28020725691282e+00 0.00000000000000e+00 0.00000000000000e+00 0.00000000000000e+00
1.28300552414104e+00 0.00000000000000e+00 0.00000000000000e+00 0.00000000000000e+00
1.28580379136927e+00 0.00000000000000e+00 0.00000000000000e+00 0.00000000000000e+00
1.28860205859749e+00 0.00000000000000e+00 0.00000000000000e+00 0.00000000000000e+00
1.29140032582572e+00 0.00000000000000e+00 0.00000000000000e+00 0.00000000000000e+00
1.29419859305394e+00 0.00000000000000e+00 0.00000000000000e+00 0.00000000000000e+00
1.29699686028217e+00 0.00000000000000e+00 0.00000000000000e+00 0.00000000000000e+00
1.29979512751039e+00 0.00000000000000e+00 0.00000000000000e+00 0.00000000000000e+00
1.30259339473862e+00 0.00000000000000e+00 0.00000000000000e+00 0.00000000000000e+00
1.30539166196684e+00 0.00000000000000e+00 0.00000000000000e+00 0.00000000000000e+00
1.30818992919507e+00 0.00000000000000e+00 0.00000000000000e+00 0.00000000000000e+00
1.31098819642329e+00 0.00000000000000e+00 0.00000000000000e+00 0.00000000000000e+00
1.31378646365152e+00 0.00000000000000e+00 0.00000000000000e+00 0.00000000000000e+00
1.31658473087974e+00 0.00000000000000e+00 0.00000000000000e+00 0.00000000000000e+00
1.31938299810797e+00 0.00000000000000e+00 0.00000000000000e+00 0.00000000000000e+00
1.32218126533619e+00 0.00000000000000e+00 0.00000000000000e+00 0.00000000000000e+00
1.32497953256442e+00 0.00000000000000e+00 0.00000000000000e+00 0.00000000000000e+00
1.32777779979264e+00 0.00000000000000e+00 0.00000000000000e+00 0.00000000000000e+00
1.33057606702087e+00 0.00000000000000e+00 0.00000000000000e+00 0.00000000000000e+00
1.33337433424909e+00 0.00000000000000e+00 0.00000000000000e+00 0.00000000000000e+00
1.33617260147731e+00 0.00000000000000e+00 0.00000000000000e+00 0.00000000000000e+00
1.33897086870554e+00 0.00000000000000e+00 0.00000000000000e+00 0.00000000000000e+00
1.34176913593376e+00 0.00000000000000e+00 0.00000000000000e+00 0.00000000000000e+00
1.34456740316199e+00 0.00000000000000e+00 0.00000000000000e+00 0.00000000000000e+00
1.34736567039021e+00 0.00000000000000e+00 0.00000000000000e+00 0.00000000000000e+00
1.35016393761844e+00 0.00000000000000e+00 0.00000000000000e+00 0.00000000000000e+00
1.35296220484666e+00 0.00000000000000e+00 0.00000000000000e+00 0.00000000000000e+00
1.35576047207489e+00 0.00000000000000e+00 0.00000000000000e+00 0.00000000000000e+00
1.35855873930311e+00 0.00000000000000e+00 0.00000000000000e+00 0.00000000000000e+00
1.36135700653134e+00 0.00000000000000e+00 0.00000000000000e+00 0.00000000000000e+00
1.36415527375956e+00 0.00000000000000e+00 0.00000000000000e+00 0.00000000000000e+00
1.36695354098779e+00 0.00000000000000e+00 0.00000000000000e+00 0.00000000000000e+00
1.36975180821601e+00 0.00000000000000e+00 0.00000000000000e+00 0.00000000000000e+00
1.37255007544424e+00 0.00000000000000e+00 0.00000000000000e+00 0.00000000000000e+00
1.37534834267246e+00 0.00000000000000e+00 0.00000000000000e+00 0.00000000000000e+00
1.37814660990069e+00 0.00000000000000e+00 0.00000000000000e+00 0.00000000000000e+00
1.38094487712891e+00 0.00000000000000e+00 0.00000000000000e+00 0.00000000000000e+00
1.38374314435714e+00 0.00000000000000e+00 0.00000000000000e+00 0.00000000000000e+00
1.38654141158536e+00 0.00000000000000e+00 0.00000000000000e+00 0.00000000000000e+00
1.38933967881359e+00 0.00000000000000e+00 0.00000000000000e+00 0.00000000000000e+00
1.39213794604181e+00 0.00000000000000e+00 0.00000000000000e+00 0.00000000000000e+00
1.39493621327003e+00 0.00000000000000e+00 0.00000000000000e+00 0.00000000000000e+00
1.39773448049826e+00 0.00000000000000e+00 0.00000000000000e+00 0.00000000000000e+00
